node1,node2,length,startLon,startLat,endLon,endLat,endNodeL,startNodeL,startYear,endYear,tipLabel,startFlyway,endFlyway
679,680,0.0116105966844144,-103.015348519409,40.9906392971002,-101.144840102136,41.9339400800588,0.0116105966844144,0,2024.56711165311,2024.5787222498,NA,Central,Central
680,681,0.00176612359492112,-101.144840102136,41.9339400800588,-100.867581172884,41.5770383684611,0.0133767202793356,0.0116105966844144,2024.5787222498,2024.58048837339,NA,Central,Central
681,684,0.00401841909229628,-100.867581172884,41.5770383684611,-101.974079679333,41.5427505839089,0.0173951393716318,0.0133767202793356,2024.58048837339,2024.58450679249,NA,Central,Central
679,956,0.0205588792894369,-103.015348519409,40.9906392971002,-110.712498557143,39.7571011658661,0.0205588792894369,0,2024.56711165311,2024.5876705324,NA,Central,Pacific
684,806,0.00331280688455493,-101.974079679333,41.5427505839089,-102.115012231207,41.3172443330268,0.0207079462561868,0.0173951393716318,2024.58450679249,2024.58781959937,NA,Central,Central
806,917,0.014895079511291,-102.115012231207,41.3172443330268,-107.351988082838,47.2371277004997,0.0356030257674778,0.0207079462561868,2024.58781959937,2024.60271467888,NA,Central,Pacific
684,685,0.0189347751357267,-101.974079679333,41.5427505839089,-101.993930310392,41.5403815159787,0.0363299145073586,0.0173951393716318,2024.58450679249,2024.60344156762,NA,Central,Central
956,959,0.017250893604172,-110.712498557143,39.7571011658661,-109.521621220048,35.9050374125299,0.0378097728936089,0.0205588792894369,2024.5876705324,2024.60492142601,NA,Pacific,Pacific
685,689,0.00400846234011554,-101.993930310392,41.5403815159787,-101.704705902308,42.5067386680366,0.0403383768474741,0.0363299145073586,2024.60344156762,2024.60745002996,NA,Central,Central
689,690,0.0063012069561772,-101.704705902308,42.5067386680366,-99.7941184030773,41.7872643220937,0.0466395838036513,0.0403383768474741,2024.60745002996,2024.61375123692,NA,Central,Central
917,924,0.0137389658657339,-107.351988082838,47.2371277004997,-107.371795165469,46.1495995278629,0.0493419916332116,0.0356030257674778,2024.60271467888,2024.61645364475,NA,Pacific,Pacific
681,682,0.0371169072463633,-100.867581172884,41.5770383684611,-100.780523113599,41.4609637122508,0.0504936275256989,0.0133767202793356,2024.58048837339,2024.61760528064,NA,Central,Central
806,807,0.0341054885927108,-102.115012231207,41.3172443330268,-108.660133233963,36.3399663286722,0.0548134348488976,0.0207079462561868,2024.58781959937,2024.62192508796,NA,Central,Mississippi
959,961,0.019014534991157,-109.521621220048,35.9050374125299,-109.613770447943,35.9856982388682,0.0568243078847659,0.0378097728936089,2024.60492142601,2024.623935961,NA,Pacific,Pacific
690,713,0.0116987264977999,-99.7941184030773,41.7872643220937,-102.768710801242,46.1583149032933,0.0583383103014512,0.0466395838036513,2024.61375123692,2024.62544996342,NA,Central,Mississippi
961,1302,0.00480343261220462,-109.613770447943,35.9856982388682,-110.866211604201,35.1072151753929,0.0616277404969705,0.0568243078847659,2024.623935961,2024.62873939361,NA,Pacific,Central
685,686,0.0293262102686664,-101.993930310392,41.5403815159787,-85.0396086029774,39.7287735466148,0.065656124776025,0.0363299145073586,2024.60344156762,2024.63276777789,NA,Central,Pacific
807,808,0.0158654002567822,-108.660133233963,36.3399663286722,-107.759093275013,40.7561839255883,0.0706788351056797,0.0548134348488976,2024.62192508796,2024.63779048822,NA,Mississippi,Mississippi
961,962,0.0147843921686797,-109.613770447943,35.9856982388682,-109.036872542909,36.9117336262651,0.0716087000534456,0.0568243078847659,2024.623935961,2024.63872035317,NA,Pacific,Pacific
924,925,0.0234935394303071,-107.371795165469,46.1495995278629,-110.190050738617,40.7172581736209,0.0728355310635187,0.0493419916332116,2024.61645364475,2024.63994718418,NA,Pacific,Pacific
962,963,0.00167126872520673,-109.036872542909,36.9117336262651,-108.672972187323,36.8267654423416,0.0732799687786523,0.0716087000534456,2024.63872035317,2024.64039162189,NA,Pacific,Pacific
1302,1303,0.0122356198174469,-110.866211604201,35.1072151753929,-111.261612902363,35.2293625725183,0.0738633603144174,0.0616277404969705,2024.62873939361,2024.64097501343,NA,Central,Pacific
680,944,0.0634114467651148,-101.144840102136,41.9339400800588,-100.997630217635,43.060666114797,0.0750220434495292,0.0116105966844144,2024.5787222498,2024.64213369656,NA,Central,Central
1303,1305,0.00225437406595552,-111.261612902363,35.2293625725183,-110.359952647232,34.1515449512242,0.0761177343803729,0.0738633603144174,2024.64097501343,2024.64322938749,NA,Pacific,Central
690,691,0.0312037733420978,-99.7941184030773,41.7872643220937,-99.6748020620238,39.6954549928318,0.0778433571457491,0.0466395838036513,2024.61375123692,2024.64495501026,NA,Central,Central
924,927,0.0287338280504255,-107.371795165469,46.1495995278629,-107.940318361816,46.132658174772,0.0780758196836371,0.0493419916332116,2024.61645364475,2024.6451874728,NA,Pacific,Pacific
1305,1306,0.00234832084752679,-110.359952647232,34.1515449512242,-110.676013819682,34.3359865675401,0.0784660552278997,0.0761177343803729,2024.64322938749,2024.64557770834,NA,Central,Central
808,809,0.0118746537422625,-107.759093275013,40.7561839255883,-107.249311379754,42.9365529545514,0.0825534888479422,0.0706788351056797,2024.63779048822,2024.64966514196,NA,Mississippi,Mississippi
809,810,0.000654043369995083,-107.249311379754,42.9365529545514,-107.269320308532,42.9970045461269,0.0832075322179373,0.0825534888479422,2024.64966514196,2024.65031918533,NA,Mississippi,Mississippi
956,957,0.06800036562267,-110.712498557143,39.7571011658661,-118.142708457784,42.1640411680322,0.0885592449121069,0.0205588792894369,2024.5876705324,2024.65567089803,NA,Pacific,Pacific
917,918,0.0545877225048232,-107.351988082838,47.2371277004997,-107.389363438062,47.2572822978833,0.090190748272301,0.0356030257674778,2024.60271467888,2024.65730240139,NA,Pacific,Pacific
927,928,0.014661175457513,-107.940318361816,46.132658174772,-108.448166779918,45.7188235769241,0.0927369951411501,0.0780758196836371,2024.6451874728,2024.65984864825,NA,Pacific,Pacific
944,945,0.023666419205312,-100.997630217635,43.060666114797,-100.023699504163,41.5180006418595,0.0986884626548412,0.0750220434495292,2024.64213369656,2024.66580011577,NA,Central,Central
962,968,0.0274734983464779,-109.036872542909,36.9117336262651,-107.846145766311,37.2252218059087,0.0990821983999235,0.0716087000534456,2024.63872035317,2024.66619385151,NA,Pacific,Pacific
968,969,0.00347966989833237,-107.846145766311,37.2252218059087,-106.56548825239,36.5839764437805,0.102561868298256,0.0990821983999235,2024.66619385151,2024.66967352141,NA,Pacific,Pacific
1305,1313,0.0283293511261697,-110.359952647232,34.1515449512242,-108.980467097476,34.9861895807634,0.104447085506543,0.0761177343803729,2024.64322938749,2024.67155873862,NA,Central,Pacific
969,970,0.00235750217106356,-106.56548825239,36.5839764437805,-106.710919555719,36.9861886119979,0.104919370469319,0.102561868298256,2024.66967352141,2024.67203102358,NA,Pacific,Pacific
918,920,0.014729230559904,-107.389363438062,47.2572822978833,-107.855151211412,47.0087294037149,0.104919978832205,0.090190748272301,2024.65730240139,2024.67203163195,NA,Pacific,Central
969,1013,0.00543761408740662,-106.56548825239,36.5839764437805,-106.426894792241,36.1529041320916,0.107999482385662,0.102561868298256,2024.66967352141,2024.6751111355,NA,Pacific,Pacific
945,946,0.0094514056327617,-100.023699504163,41.5180006418595,-100.017077694119,41.5909209774947,0.108139868287603,0.0986884626548412,2024.66580011577,2024.6752515214,NA,Central,Central
713,726,0.0502810088319241,-102.768710801242,46.1583149032933,-102.920750115591,45.437554174691,0.108619319133375,0.0583383103014512,2024.62544996342,2024.67573097225,NA,Mississippi,Mississippi
1013,1014,0.000737992000334087,-106.426894792241,36.1529041320916,-106.200992188956,35.9477960578881,0.108737474385997,0.107999482385662,2024.6751111355,2024.6758491275,NA,Pacific,Pacific
1014,1015,0.000308560437590533,-106.200992188956,35.9477960578881,-106.177349967869,35.8595673209319,0.109046034823587,0.108737474385997,2024.6758491275,2024.67615768794,NA,Pacific,Pacific
810,811,0.0282826874854172,-107.269320308532,42.9970045461269,-104.899874863366,44.1769333509781,0.111490219703354,0.0832075322179373,2024.65031918533,2024.67860187282,NA,Mississippi,Mississippi
691,692,0.0344409705550899,-99.6748020620238,39.6954549928318,-93.1194093000866,34.085195819511,0.112284327700839,0.0778433571457491,2024.64495501026,2024.67939598081,NA,Central,Mississippi
1013,1255,0.00465564529643347,-106.426894792241,36.1529041320916,-105.622795312757,37.2900712998375,0.112655127682096,0.107999482385662,2024.6751111355,2024.6797667808,NA,Pacific,Pacific
811,823,0.00418903142150939,-104.899874863366,44.1769333509781,-104.93410463793,44.1948738626513,0.115679251124864,0.111490219703354,2024.67860187282,2024.68279090424,NA,Mississippi,Mississippi
1313,1314,0.0127753354144517,-108.980467097476,34.9861895807634,-109.821739306091,34.6872289854252,0.117222420920994,0.104447085506543,2024.67155873862,2024.68433407403,NA,Pacific,Pacific
928,930,0.0257109613341642,-108.448166779918,45.7188235769241,-109.619095464968,44.5749600805727,0.118447956475314,0.0927369951411501,2024.65984864825,2024.68555960959,NA,Pacific,Pacific
1306,1307,0.0400688612369744,-110.676013819682,34.3359865675401,-103.775192818373,36.5293155002156,0.118534916464874,0.0784660552278997,2024.64557770834,2024.68564656958,NA,Central,Pacific
1014,1240,0.00981268388936729,-106.200992188956,35.9477960578881,-107.656385559424,36.8138239739634,0.118550158275364,0.108737474385997,2024.6758491275,2024.68566181139,NA,Pacific,Central
810,828,0.0379608882741147,-107.269320308532,42.9970045461269,-111.911117482737,44.4749028411273,0.121168420492052,0.0832075322179373,2024.65031918533,2024.68828007361,NA,Mississippi,Mississippi
930,931,0.0029827994357261,-109.619095464968,44.5749600805727,-109.331793120173,44.143189010647,0.12143075591104,0.118447956475314,2024.68555960959,2024.68854240902,NA,Pacific,Pacific
970,971,0.0165130581296329,-106.710919555719,36.9861886119979,-87.7033323453385,38.8021259192396,0.121432428598952,0.104919370469319,2024.67203102358,2024.68854408171,NA,Pacific,Mississippi
945,954,0.0228177699451615,-100.023699504163,41.5180006418595,-97.5724991046677,41.4222863889301,0.121506232600003,0.0986884626548412,2024.66580011577,2024.68861788571,NA,Central,Central
968,1296,0.0225287264199034,-107.846145766311,37.2252218059087,-108.013931687001,37.1523398721309,0.121610924819827,0.0990821983999235,2024.66619385151,2024.68872257793,NA,Pacific,Pacific
927,942,0.0449753567044073,-107.940318361816,46.132658174772,-107.156516323358,45.9299823899592,0.123051176388044,0.0780758196836371,2024.6451874728,2024.6901628295,NA,Pacific,Pacific
1015,1202,0.0164673334077319,-106.177349967869,35.8595673209319,-100.828222037952,32.7829551892012,0.125513368231319,0.109046034823587,2024.67615768794,2024.69262502135,NA,Pacific,Central
931,934,0.00790168688163728,-109.331793120173,44.143189010647,-107.466390601103,43.9977128343649,0.129332442792678,0.12143075591104,2024.68854240902,2024.69644409591,NA,Pacific,Pacific
1313,1354,0.0280456906262767,-108.980467097476,34.9861895807634,-109.283189326635,33.6551036689387,0.132492776132819,0.104447085506543,2024.67155873862,2024.69960442925,NA,Pacific,Pacific
920,921,0.0277426558733929,-107.855151211412,47.0087294037149,-107.263797610795,37.7146344802845,0.132662634705598,0.104919978832205,2024.67203163195,2024.69977428782,NA,Central,Pacific
1240,1243,0.0142054042268291,-107.656385559424,36.8138239739634,-106.842574816592,38.7001737444386,0.132755562502193,0.118550158275364,2024.68566181139,2024.69986721562,NA,Central,Central
1307,1308,0.0142583524486939,-103.775192818373,36.5293155002156,-104.580280674278,36.6603062062497,0.132793268913568,0.118534916464874,2024.68564656958,2024.69990492203,NA,Pacific,Pacific
1243,1244,0.000293409661271005,-106.842574816592,38.7001737444386,-106.974764396058,38.5276851477372,0.133048972163464,0.132755562502193,2024.69986721562,2024.70016062528,NA,Central,Central
963,965,0.0604703976426639,-108.672972187323,36.8267654423416,-96.1180434553288,34.7522334200121,0.133750366421316,0.0732799687786523,2024.64039162189,2024.70086201954,NA,Pacific,Pacific
682,683,0.0838599709910741,-100.780523113599,41.4609637122508,-98.1348915038805,42.5341068438476,0.134353598516773,0.0504936275256989,2024.61760528064,2024.70146525163,NA,Central,Central
1202,1203,0.00939495176829741,-100.828222037952,32.7829551892012,-98.0239466626015,31.1550412989876,0.134908319999616,0.125513368231319,2024.69262502135,2024.70201997311,NA,Central,Central
726,729,0.0281033167674312,-102.920750115591,45.437554174691,-91.1388269998261,33.8240593043267,0.136722635900806,0.108619319133375,2024.67573097225,2024.70383428901,NA,Mississippi,Atlantic
946,949,0.0294460081872701,-100.017077694119,41.5909209774947,-100.198523647923,41.473892540041,0.137585876474873,0.108139868287603,2024.6752515214,2024.70469752959,NA,Central,Central
726,727,0.0299424087022082,-102.920750115591,45.437554174691,-102.709122996323,45.2265450563044,0.138561727835584,0.108619319133375,2024.67573097225,2024.70567338095,NA,Mississippi,Mississippi
828,829,0.0182377111851904,-111.911117482737,44.4749028411273,-112.121159795111,45.4650176604314,0.139406131677242,0.121168420492052,2024.68828007361,2024.70651778479,NA,Mississippi,Mississippi
729,730,0.00400959440459037,-91.1388269998261,33.8240593043267,-91.8914512415788,33.503823401492,0.140732230305397,0.136722635900806,2024.70383428901,2024.70784388342,NA,Atlantic,Atlantic
928,929,0.0481267293944134,-108.448166779918,45.7188235769241,-108.473271592991,45.6922236664443,0.140863724535564,0.0927369951411501,2024.65984864825,2024.70797537765,NA,Pacific,Pacific
931,932,0.0199696936432323,-109.331793120173,44.143189010647,-112.48427081973,47.5281903946586,0.141400449554273,0.12143075591104,2024.68854240902,2024.70851210267,NA,Pacific,Central
1203,1204,0.00678371090498553,-98.0239466626015,31.1550412989876,-95.2644950733935,33.7352303270125,0.141692030904602,0.134908319999616,2024.70201997311,2024.70880368402,NA,Central,Central
1255,1256,0.0297302082827284,-105.622795312757,37.2900712998375,-105.518502468307,37.4643282670226,0.142385335964824,0.112655127682096,2024.6797667808,2024.70949698908,NA,Pacific,Pacific
1255,1274,0.0299813642528803,-105.622795312757,37.2900712998375,-103.446744056804,41.3080919373441,0.142636491934976,0.112655127682096,2024.6797667808,2024.70974814505,NA,Pacific,Pacific
1204,1205,0.00124619489799538,-95.2644950733935,33.7352303270125,-94.993018766931,33.9097140187972,0.142938225802597,0.141692030904602,2024.70880368402,2024.71004987892,NA,Central,Central
921,922,0.0107748449625598,-107.263797610795,37.7146344802845,-107.511649806889,37.5039438118219,0.143437479668158,0.132662634705598,2024.69977428782,2024.71054913278,NA,Pacific,Pacific
692,693,0.032294302617192,-93.1194093000866,34.085195819511,-92.4277955078879,32.7595368650083,0.144578630318031,0.112284327700839,2024.67939598081,2024.71169028343,NA,Mississippi,Mississippi
934,935,0.0153954815344013,-107.466390601103,43.9977128343649,-110.288083817971,48.6591618629031,0.144727924327079,0.129332442792678,2024.69644409591,2024.71183957744,NA,Pacific,Pacific
949,950,0.00714983399811198,-100.198523647923,41.473892540041,-100.21621447119,41.4553874414655,0.144735710472985,0.137585876474873,2024.70469752959,2024.71184736359,NA,Central,Central
1015,1016,0.0359038616493912,-106.177349967869,35.8595673209319,-105.838799255211,31.9863651776849,0.144949896472978,0.109046034823587,2024.67615768794,2024.71206154959,NA,Pacific,Central
730,747,0.00465733828890613,-91.8914512415788,33.503823401492,-91.9163377788537,33.2936436705622,0.145389568594303,0.140732230305397,2024.70784388342,2024.71250122171,NA,Atlantic,Atlantic
829,830,0.00648252485925505,-112.121159795111,45.4650176604314,-111.867100136883,45.2032050450357,0.145888656536497,0.139406131677242,2024.70651778479,2024.71300030965,NA,Mississippi,Mississippi
1244,1245,0.0128827229578976,-106.974764396058,38.5276851477372,-106.658104242127,38.7808359573489,0.145931695121362,0.133048972163464,2024.70016062528,2024.71304334824,NA,Central,Central
1256,1257,0.00407969166374578,-105.518502468307,37.4643282670226,-106.199091653997,37.62284964685,0.14646502762857,0.142385335964824,2024.70949698908,2024.71357668074,NA,Pacific,Pacific
965,966,0.0131433189685297,-96.1180434553288,34.7522334200121,-98.1504310791153,34.5089525487653,0.146893685389846,0.133750366421316,2024.70086201954,2024.7140053385,NA,Pacific,Pacific
730,731,0.00633681686011611,-91.8914512415788,33.503823401492,-92.2987356591581,33.6451589361745,0.147069047165513,0.140732230305397,2024.70784388342,2024.71418070028,NA,Atlantic,Atlantic
747,760,0.0021386156365506,-91.9163377788537,33.2936436705622,-92.544870732005,33.9420047129422,0.147528184230854,0.145389568594303,2024.71250122171,2024.71463983734,NA,Atlantic,Atlantic
1244,1248,0.0149579540038229,-106.974764396058,38.5276851477372,-104.976631906972,37.5472738534677,0.148006926167287,0.133048972163464,2024.70016062528,2024.71511857928,NA,Central,Pacific
829,872,0.00867613988387972,-112.121159795111,45.4650176604314,-113.481672400388,44.3525420104054,0.148082271561122,0.139406131677242,2024.70651778479,2024.71519392467,NA,Mississippi,Mississippi
1274,1285,0.00587385272135088,-103.446744056804,41.3080919373441,-103.107342002504,41.7879048620449,0.148510344656327,0.142636491934976,2024.70974814505,2024.71562199777,NA,Pacific,Pacific
1285,1290,0.000129079821139522,-103.107342002504,41.7879048620449,-103.140261903468,41.7682917742231,0.148639424477467,0.148510344656327,2024.71562199777,2024.71575107759,NA,Pacific,Pacific
1314,1315,0.0314633913240356,-109.821739306091,34.6872289854252,-108.533209909502,41.5802035378807,0.14868581224503,0.117222420920994,2024.68433407403,2024.71579746536,NA,Pacific,Central
1204,1230,0.00704754099763027,-95.2644950733935,33.7352303270125,-97.671402467254,31.2792808648994,0.148739571902232,0.141692030904602,2024.70880368402,2024.71585122502,NA,Central,Mississippi
1308,1309,0.0168197302146105,-104.580280674278,36.6603062062497,-107.628253840065,40.3922351432072,0.149612999128178,0.132793268913568,2024.69990492203,2024.71672465224,NA,Pacific,Pacific
1274,1275,0.00704491931137818,-103.446744056804,41.3080919373441,-104.337209649496,41.1441987318422,0.149681411246354,0.142636491934976,2024.70974814505,2024.71679306436,NA,Pacific,Pacific
1205,1206,0.00729736131638492,-94.993018766931,33.9097140187972,-94.8350391990062,31.4974777241539,0.150235587118982,0.142938225802597,2024.71004987892,2024.71734724023,NA,Central,Mississippi
828,902,0.0294261751127209,-111.911117482737,44.4749028411273,-113.431176586125,42.5990433686278,0.150594595604773,0.121168420492052,2024.68828007361,2024.71770624872,NA,Mississippi,Mississippi
971,972,0.0294608247910246,-87.7033323453385,38.8021259192396,-87.4158504012713,41.3728336840578,0.150893253389977,0.121432428598952,2024.68854408171,2024.7180049065,NA,Mississippi,Mississippi
823,824,0.0357942664348698,-104.93410463793,44.1948738626513,-104.688715152709,44.0208908356061,0.151473517559734,0.115679251124864,2024.68279090424,2024.71858517067,NA,Mississippi,Mississippi
691,707,0.0737576470853152,-99.6748020620238,39.6954549928318,-99.8239637288545,37.7272207594501,0.151601004231064,0.0778433571457491,2024.64495501026,2024.71871265734,NA,Central,Central
925,926,0.0790689090562011,-110.190050738617,40.7172581736209,-111.065701755933,44.5935432574682,0.15190444011972,0.0728355310635187,2024.63994718418,2024.71901609323,NA,Pacific,Pacific
872,873,0.00415091669945911,-113.481672400388,44.3525420104054,-113.592854838781,44.3863830495582,0.152233188260581,0.148082271561122,2024.71519392467,2024.71934484137,NA,Mississippi,Mississippi
1240,1241,0.03374536925283,-107.656385559424,36.8138239739634,-106.985296129642,40.8880695300501,0.152295527528194,0.118550158275364,2024.68566181139,2024.71940718064,NA,Central,Pacific
824,826,0.00129817766995566,-104.688715152709,44.0208908356061,-104.485347636619,43.4892745553917,0.152771695229689,0.151473517559734,2024.71858517067,2024.71988334834,NA,Mississippi,Mississippi
1256,1269,0.0104646369740797,-105.518502468307,37.4643282670226,-107.632764815883,33.8440963579201,0.152849972938904,0.142385335964824,2024.70949698908,2024.71996162605,NA,Pacific,Pacific
972,1004,0.00204732483071268,-87.4158504012713,41.3728336840578,-87.8401562155275,41.7136508535836,0.15294057822069,0.150893253389977,2024.7180049065,2024.72005223133,NA,Mississippi,Mississippi
824,825,0.00154337822020278,-104.688715152709,44.0208908356061,-104.560283299487,43.8144057219802,0.153016895779936,0.151473517559734,2024.71858517067,2024.72012854889,NA,Mississippi,Mississippi
1257,1258,0.00665008544094259,-106.199091653997,37.62284964685,-106.162256421576,37.5740963703918,0.153115113069513,0.14646502762857,2024.71357668074,2024.72022676618,NA,Pacific,Pacific
1285,1286,0.00461691749341653,-103.107342002504,41.7879048620449,-109.335002334927,44.3982333570558,0.153127262149744,0.148510344656327,2024.71562199777,2024.72023891526,NA,Pacific,Pacific
1202,1235,0.0276216276383128,-100.828222037952,32.7829551892012,-96.1849876479836,35.1426646984038,0.153134995869632,0.125513368231319,2024.69262502135,2024.72024664898,NA,Central,Central
826,827,0.00068774126461002,-104.485347636619,43.4892745553917,-104.615463045722,43.5414690686059,0.153459436494299,0.152771695229689,2024.71988334834,2024.72057108961,NA,Mississippi,Mississippi
830,831,0.00758633181129276,-111.867100136883,45.2032050450357,-115.168894761259,41.4321387778481,0.15347498834779,0.145888656536497,2024.71300030965,2024.72058664146,NA,Mississippi,Mississippi
1203,1232,0.0186776853593733,-98.0239466626015,31.1550412989876,-93.0095054730275,37.6847481059154,0.15358600535899,0.134908319999616,2024.70201997311,2024.72069765847,NA,Central,Mississippi
932,933,0.0122849226965498,-112.48427081973,47.5281903946586,-112.741019976783,42.6265749358224,0.153685372250822,0.141400449554273,2024.70851210267,2024.72079702536,NA,Central,Central
1275,1280,0.00406014836873569,-104.337209649496,41.1441987318422,-105.127102883304,41.2952291052005,0.15374155961509,0.149681411246354,2024.71679306436,2024.72085321273,NA,Pacific,Pacific
1315,1345,0.00547024765668969,-108.533209909502,41.5802035378807,-109.568734642447,40.8025418302463,0.15415605990172,0.14868581224503,2024.71579746536,2024.72126771302,NA,Central,Central
873,875,0.00258017970991253,-113.592854838781,44.3863830495582,-113.663771223605,44.3666176700077,0.154813367970494,0.152233188260581,2024.71934484137,2024.72192502108,NA,Mississippi,Mississippi
747,748,0.0095016506310559,-91.9163377788537,33.2936436705622,-90.7625186398086,34.1526878139861,0.154891219225359,0.145389568594303,2024.71250122171,2024.72200287234,NA,Atlantic,Atlantic
1290,1291,0.00627430572106524,-103.140261903468,41.7682917742231,-104.470678532972,40.6563032272539,0.154913730198532,0.148639424477467,2024.71575107759,2024.72202538331,NA,Pacific,Pacific
930,939,0.0366616448022588,-109.619095464968,44.5749600805727,-112.014244039708,34.3171450970543,0.155109601277573,0.118447956475314,2024.68555960959,2024.72222125439,NA,Pacific,Central
1315,1316,0.00691111313273218,-108.533209909502,41.5802035378807,-108.212684161997,42.2347695387454,0.155596925377762,0.14868581224503,2024.71579746536,2024.72270857849,NA,Central,Central
713,714,0.097606560353769,-102.768710801242,46.1583149032933,-102.538122031003,46.311834441417,0.15594487065522,0.0583383103014512,2024.62544996342,2024.72305652377,NA,Mississippi,Mississippi
1316,1337,0.000406797595801534,-108.212684161997,42.2347695387454,-108.615552811225,41.8862245534955,0.156003722973564,0.155596925377762,2024.72270857849,2024.72311537609,NA,Central,Central
729,782,0.0198443668832693,-91.1388269998261,33.8240593043267,-91.2302011619864,33.5005482382605,0.156567002784076,0.136722635900806,2024.70383428901,2024.7236786559,NA,Atlantic,Atlantic
1205,1212,0.013790660652637,-94.993018766931,33.9097140187972,-92.2463969524167,35.4654762944024,0.156728886455234,0.142938225802597,2024.71004987892,2024.72384053957,NA,Central,Central
1291,1292,0.00198772764721444,-104.470678532972,40.6563032272539,-103.984901392199,41.012592023509,0.156901457845746,0.154913730198532,2024.72202538331,2024.72401311096,NA,Pacific,Pacific
920,923,0.0521234340869425,-107.855151211412,47.0087294037149,-105.042873693839,44.2270218272266,0.157043412919148,0.104919978832205,2024.67203163195,2024.72415506603,NA,Central,Central
1303,1304,0.0833705920484364,-111.261612902363,35.2293625725183,-116.288150516933,43.9281683559182,0.157233952362854,0.0738633603144174,2024.64097501343,2024.72434560548,NA,Pacific,Central
1306,1311,0.078770276764486,-110.676013819682,34.3359865675401,-110.404976013715,34.0818935901287,0.157236331992386,0.0784660552278997,2024.64557770834,2024.72434798511,NA,Central,Central
808,915,0.0867135740355909,-107.759093275013,40.7561839255883,-104.45830124747,47.159808172415,0.157392409141271,0.0706788351056797,2024.63779048822,2024.72450406226,NA,Mississippi,Atlantic
830,842,0.0115870103173299,-111.867100136883,45.2032050450357,-111.86449368753,45.706101864793,0.157475666853827,0.145888656536497,2024.71300030965,2024.72458731997,NA,Mississippi,Mississippi
1016,1017,0.0129276202467274,-105.838799255211,31.9863651776849,-104.431974498761,31.3193767921192,0.157877516719706,0.144949896472978,2024.71206154959,2024.72498916983,NA,Central,Central
1248,1249,0.00996429617777772,-104.976631906972,37.5472738534677,-104.026155741725,40.9657934789367,0.157971222345065,0.148006926167287,2024.71511857928,2024.72508287546,NA,Pacific,Central
1316,1317,0.00257465321673456,-108.212684161997,42.2347695387454,-107.564245764777,42.6538566164108,0.158171578594497,0.155596925377762,2024.72270857849,2024.72528323171,NA,Central,Central
1206,1207,0.00797086221369736,-94.8350391990062,31.4974777241539,-94.9261655028144,31.4320320107557,0.15820644933268,0.150235587118982,2024.71734724023,2024.72531810245,NA,Mississippi,Mississippi
875,892,0.00346464228993471,-113.663771223605,44.3666176700077,-113.069672342271,44.3613963635207,0.158278010260428,0.154813367970494,2024.72192502108,2024.72538966337,NA,Mississippi,Mississippi
1337,1338,0.00233927431163816,-108.615552811225,41.8862245534955,-108.593674029352,41.8441364924461,0.158342997285202,0.156003722973564,2024.72311537609,2024.7254546504,NA,Central,Central
902,903,0.00776368679983475,-113.431176586125,42.5990433686278,-114.045266320159,42.8724759125936,0.158358282404608,0.150594595604773,2024.71770624872,2024.72546993552,NA,Mississippi,Mississippi
760,781,0.0109449722153627,-92.544870732005,33.9420047129422,-93.1034475246059,35.009155076005,0.158473156446216,0.147528184230854,2024.71463983734,2024.72558480956,NA,Atlantic,Atlantic
1235,1236,0.00542465401998582,-96.1849876479836,35.1426646984038,-95.0935462479793,36.1298246755714,0.158559649889618,0.153134995869632,2024.72024664898,2024.725671303,NA,Central,Central
1017,1018,0.000940203503259962,-104.431974498761,31.3193767921192,-104.397370469539,31.2940476554792,0.158817720222966,0.157877516719706,2024.72498916983,2024.72592937334,NA,Central,Central
934,936,0.029509398558913,-107.466390601103,43.9977128343649,-106.138695365756,41.2729047878308,0.158841841351591,0.129332442792678,2024.69644409591,2024.72595349447,NA,Pacific,Pacific
1314,1352,0.0416864526454117,-109.821739306091,34.6872289854252,-113.292016996091,33.8693949815983,0.158908873566406,0.117222420920994,2024.68433407403,2024.72602052668,NA,Pacific,Pacific
936,938,0.000473582527530825,-106.138695365756,41.2729047878308,-106.155507223623,41.1438730183621,0.159315423879121,0.158841841351591,2024.72595349447,2024.72642707699,NA,Pacific,Pacific
950,951,0.0153196297490528,-100.21621447119,41.4553874414655,-101.798412459913,45.4415899560753,0.160055340222038,0.144735710472985,2024.71184736359,2024.72716699334,NA,Central,Central
842,866,0.0040928403410061,-111.86449368753,45.706101864793,-110.178127617489,48.5536809893197,0.161568507194833,0.157475666853827,2024.72458731997,2024.72868016031,NA,Mississippi,Mississippi
1236,1237,0.00366378208063178,-95.0935462479793,36.1298246755714,-95.0129254412246,36.1986190252702,0.162223431970249,0.158559649889618,2024.725671303,2024.72933508508,NA,Central,Central
1232,1233,0.00898897769777673,-93.0095054730275,37.6847481059154,-93.378285459612,39.4379377852426,0.162574983056766,0.15358600535899,2024.72069765847,2024.72968663617,NA,Mississippi,Mississippi
1237,1238,0.00415012766587819,-95.0129254412246,36.1986190252702,-93.6056516614554,35.8457684749612,0.166373559636128,0.162223431970249,2024.72933508508,2024.73348521275,NA,Central,Central
946,947,0.0582562491522804,-100.017077694119,41.5909209774947,-100.098836171897,41.5759709062753,0.166396117439883,0.108139868287603,2024.6752515214,2024.73350777055,NA,Central,Central
842,843,0.00932511691182758,-111.86449368753,45.706101864793,-109.27303102412,45.0256151355639,0.166800783765655,0.157475666853827,2024.72458731997,2024.73391243688,NA,Mississippi,Mississippi
1337,1342,0.0108143907059199,-108.615552811225,41.8862245534955,-107.594552709079,41.6184855755571,0.166818113679484,0.156003722973564,2024.72311537609,2024.73392976679,NA,Central,Central
831,832,0.0136742457050829,-115.168894761259,41.4321387778481,-115.107076104778,41.5799717996395,0.167149234052873,0.15347498834779,2024.72058664146,2024.73426088717,NA,Mississippi,Mississippi
1317,1318,0.00944157731996209,-107.564245764777,42.6538566164108,-109.160452243956,43.7515215735576,0.167613155914459,0.158171578594497,2024.72528323171,2024.73472480903,NA,Central,Central
843,849,0.00313357616408072,-109.27303102412,45.0256151355639,-105.039704055843,42.0228085936547,0.169934359929736,0.166800783765655,2024.73391243688,2024.73704601304,NA,Mississippi,Mississippi
1296,1297,0.0483745284177968,-108.013931687001,37.1523398721309,-101.476839045212,30.4442705679691,0.169985453237624,0.121610924819827,2024.68872257793,2024.73709710635,NA,Pacific,Central
782,783,0.0134520736999757,-91.2302011619864,33.5005482382605,-91.8661081224745,34.7076328965923,0.170019076484051,0.156567002784076,2024.7236786559,2024.7371307296,NA,Atlantic,Atlantic
686,687,0.105974128805222,-85.0396086029774,39.7287735466148,-82.4175244477803,34.6423182027813,0.171630253581247,0.065656124776025,2024.63276777789,2024.73874190669,NA,Pacific,Pacific
714,725,0.016149092013968,-102.538122031003,46.311834441417,-104.46147950851,46.7266567633528,0.172093962669188,0.15594487065522,2024.72305652377,2024.73920561578,NA,Mississippi,Mississippi
903,904,0.0143637985898961,-114.045266320159,42.8724759125936,-114.730503711209,42.5592114021416,0.172722080994504,0.158358282404608,2024.72546993552,2024.73983373411,NA,Mississippi,Mississippi
1018,1019,0.0141155546769351,-104.397370469539,31.2940476554792,-105.418702083157,34.0967266812899,0.172933274899901,0.158817720222966,2024.72592937334,2024.74004492801,NA,Central,Central
918,919,0.0828322799939565,-107.389363438062,47.2572822978833,-106.72055536595,47.1935272131894,0.173023028266257,0.090190748272301,2024.65730240139,2024.74013468138,NA,Pacific,Pacific
957,958,0.0846453746507492,-118.142708457784,42.1640411680322,-122.088975182893,37.8768832929744,0.173204619562856,0.0885592449121069,2024.65567089803,2024.74031627268,NA,Pacific,Pacific
1286,1287,0.0205095354945313,-109.335002334927,44.3982333570558,-109.501161791436,44.2132519141615,0.173636797644275,0.153127262149744,2024.72023891526,2024.74074845076,NA,Pacific,Pacific
1269,1270,0.0210492944500404,-107.632764815883,33.8440963579201,-117.082775538768,34.7604105065661,0.173899267388945,0.152849972938904,2024.71996162605,2024.7410109205,NA,Pacific,Central
811,812,0.0650860965143039,-104.899874863366,44.1769333509781,-101.812454963508,40.1410550203221,0.176576316217658,0.111490219703354,2024.67860187282,2024.74368796933,NA,Mississippi,Atlantic
1345,1346,0.0241562318210184,-109.568734642447,40.8025418302463,-109.305409279188,40.9126520268144,0.178312291722738,0.15415605990172,2024.72126771302,2024.74542394484,NA,Central,Central
1275,1276,0.0288815700249623,-104.337209649496,41.1441987318422,-103.616884554201,41.0119960450587,0.178562981271317,0.149681411246354,2024.71679306436,2024.74567463439,NA,Pacific,Pacific
892,894,0.0205924513315821,-113.069672342271,44.3613963635207,-117.557536925238,41.2813103703875,0.17887046159201,0.158278010260428,2024.72538966337,2024.74598211471,NA,Mississippi,Mississippi
1249,1250,0.021179894479235,-104.026155741725,40.9657934789367,-101.770530116126,39.2286837432371,0.1791511168243,0.157971222345065,2024.72508287546,2024.74626276994,NA,Central,Central
1016,1201,0.035410031233907,-105.838799255211,31.9863651776849,-108.671897125466,32.7625185733195,0.180359927706885,0.144949896472978,2024.71206154959,2024.74747158082,NA,Central,Central
1207,1211,0.0247034534094801,-94.9261655028144,31.4320320107557,-94.4831729446565,31.5990976290524,0.18290990274216,0.15820644933268,2024.72531810245,2024.75002155586,NA,Mississippi,Mississippi
866,867,0.0213735500740027,-110.178127617489,48.5536809893197,-113.271784291116,43.818140031366,0.182942057268836,0.161568507194833,2024.72868016031,2024.75005371038,NA,Mississippi,Mississippi
843,844,0.0161902249120967,-109.27303102412,45.0256151355639,-108.718486575793,45.6260232577,0.182991008677752,0.166800783765655,2024.73391243688,2024.75010266179,NA,Mississippi,Mississippi
844,845,1.46602987485256e-05,-108.718486575793,45.6260232577,-108.733277782043,45.6931013917853,0.1830056689765,0.182991008677752,2024.75010266179,2024.75011732209,NA,Mississippi,Mississippi
1257,1260,0.0383333052448647,-106.199091653997,37.62284964685,-105.403997936699,36.9910886314194,0.184798332873435,0.14646502762857,2024.71357668074,2024.75190998599,NA,Pacific,Pacific
1212,1213,0.0284326617282051,-92.2463969524167,35.4654762944024,-92.245621362761,35.3987178689872,0.185161548183439,0.156728886455234,2024.72384053957,2024.7522732013,NA,Central,Central
1237,1239,0.0237430755307524,-95.0129254412246,36.1986190252702,-93.9776016951423,36.8773187513479,0.185966507501002,0.162223431970249,2024.72933508508,2024.75307816061,NA,Central,Central
845,846,0.0032688066052402,-108.733277782043,45.6931013917853,-108.843265427066,44.5935968198535,0.18627447558174,0.1830056689765,2024.75011732209,2024.7533861287,NA,Mississippi,Mississippi
936,937,0.0275693180323855,-106.138695365756,41.2729047878308,-108.543554991055,40.7040029296959,0.186411159383976,0.158841841351591,2024.72595349447,2024.7535228125,NA,Pacific,Pacific
1286,1288,0.0342891018589018,-109.335002334927,44.3982333570558,-109.870525701135,47.2180547121553,0.187416364008645,0.153127262149744,2024.72023891526,2024.75452801712,NA,Pacific,Pacific
1288,1289,0.000990252600575614,-109.870525701135,47.2180547121553,-109.694009112017,47.1765110879458,0.188406616609221,0.187416364008645,2024.75452801712,2024.75551826972,NA,Pacific,Pacific
1276,1277,0.0099680707335712,-103.616884554201,41.0119960450587,-105.687353280441,40.1591695023281,0.188531052004888,0.178562981271317,2024.74567463439,2024.75564270512,NA,Pacific,Pacific
1346,1347,0.0103627702444606,-109.305409279188,40.9126520268144,-112.597505292317,39.8864303976389,0.188675061967199,0.178312291722738,2024.74542394484,2024.75578671508,NA,Central,Central
1347,1348,0.000493240189263666,-112.597505292317,39.8864303976389,-114.718679061124,39.8070010583642,0.189168302156463,0.188675061967199,2024.75578671508,2024.75627995527,NA,Central,Mississippi
1207,1208,0.0313227524545046,-94.9261655028144,31.4320320107557,-91.7036350240764,30.0896394912646,0.189529201787184,0.15820644933268,2024.72531810245,2024.7566408549,NA,Mississippi,Central
1258,1259,0.037512432197097,-106.162256421576,37.5740963703918,-107.208232178221,37.8935067865519,0.19062754526661,0.153115113069513,2024.72022676618,2024.75773919838,NA,Pacific,Pacific
1212,1216,0.0347759323460302,-92.2463969524167,35.4654762944024,-89.1056050047517,39.5172661054628,0.191504818801264,0.156728886455234,2024.72384053957,2024.75861647192,NA,Central,Mississippi
849,855,0.0221644123408409,-105.039704055843,42.0228085936547,-105.031876714614,41.8694865458358,0.192098772270576,0.169934359929736,2024.73704601304,2024.75921042538,NA,Mississippi,Mississippi
1342,1343,0.0253357144655664,-107.594552709079,41.6184855755571,-108.552484996741,42.2449585550778,0.19215382814505,0.166818113679484,2024.73392976679,2024.75926548126,NA,Central,Central
1318,1328,0.0250696337304341,-109.160452243956,43.7515215735576,-109.498263065091,43.6983946371718,0.192682789644893,0.167613155914459,2024.73472480903,2024.75979444276,NA,Central,Central
942,943,0.0697404016337513,-107.156516323358,45.9299823899592,-111.57573687978,47.0269847104992,0.192791578021796,0.123051176388044,2024.6901628295,2024.75990323114,NA,Pacific,Central
832,833,0.0265724709753286,-115.107076104778,41.5799717996395,-115.887613171377,41.5577541304422,0.193721705028202,0.167149234052873,2024.73426088717,2024.76083335814,NA,Mississippi,Mississippi
894,895,0.0150498044627039,-117.557536925238,41.2813103703875,-117.045005014591,42.1001077277154,0.193920266054714,0.17887046159201,2024.74598211471,2024.76103191917,NA,Mississippi,Mississippi
1292,1293,0.038722225006395,-103.984901392199,41.012592023509,-101.607078938065,40.25303893526,0.195623682852141,0.156901457845746,2024.72401311096,2024.76273533597,NA,Pacific,Pacific
812,822,0.0199649426334461,-101.812454963508,40.1410550203221,-100.284718135453,39.4834859489749,0.196541258851104,0.176576316217658,2024.74368796933,2024.76365291196,NA,Atlantic,Atlantic
693,694,0.0523201632432919,-92.4277955078879,32.7595368650083,-99.3175530612573,31.476199213643,0.196898793561323,0.144578630318031,2024.71169028343,2024.76401044668,NA,Mississippi,Mississippi
972,973,0.0477814722083798,-87.4158504012713,41.3728336840578,-85.0072586093194,41.1693037401825,0.198674725598357,0.150893253389977,2024.7180049065,2024.76578637871,NA,Mississippi,Mississippi
1216,1224,0.00742339786880253,-89.1056050047517,39.5172661054628,-88.7885995755204,38.6400526105742,0.198928216670067,0.191504818801264,2024.75861647192,2024.76603986978,NA,Mississippi,Mississippi
939,941,0.0455842824234993,-112.014244039708,34.3171450970543,-114.758345088859,37.2293397680113,0.200693883701072,0.155109601277573,2024.72222125439,2024.76780553681,NA,Central,Central
855,856,0.00935459217545809,-105.031876714614,41.8694865458358,-105.741494427862,39.3408623831111,0.201453364446035,0.192098772270576,2024.75921042538,2024.76856501756,NA,Mississippi,Mississippi
1270,1271,0.0276087463943864,-117.082775538768,34.7604105065661,-116.850725784093,35.2088575405545,0.201508013783331,0.173899267388945,2024.7410109205,2024.7686196669,NA,Central,Central
1338,1341,0.0441630488585663,-108.593674029352,41.8441364924461,-107.507814826639,39.975509848993,0.202506046143768,0.158342997285202,2024.7254546504,2024.76961769926,NA,Central,Central
973,974,0.00399326531787358,-85.0072586093194,41.1693037401825,-85.1104162100586,41.117522234876,0.20266799091623,0.198674725598357,2024.76578637871,2024.76977964403,NA,Mississippi,Mississippi
686,4,0.145920746700233,-85.0396086029774,39.7287735466148,-86.0567146643001,42.3072730748658,0.211576871476258,0.065656124776025,2024.63276777789,2024.77868852459,SRR34491317|A/mallard/NV/24-030919-002/2024|H5N1|USA-NV|Churchill|2024-10-12|wild_avian|D1.1,Pacific,Pacific
687,688,0.0402150595014317,-82.4175244477803,34.6423182027813,-82.5868433279894,34.4597127245952,0.211845313082679,0.171630253581247,2024.73874190669,2024.7789569662,NA,Pacific,Pacific
904,905,0.0395356708180534,-114.730503711209,42.5592114021416,-114.841911492268,42.9470198485355,0.212257751812557,0.172722080994504,2024.73983373411,2024.77936940493,NA,Mississippi,Mississippi
1309,1310,0.0629281425749844,-107.628253840065,40.3922351432072,-107.846076560927,41.7500770334812,0.212541141703163,0.149612999128178,2024.71672465224,2024.77965279482,NA,Pacific,Pacific
959,960,0.175699225693829,-109.521621220048,35.9050374125299,-111.48039496235,37.256890208581,0.213508998587438,0.0378097728936089,2024.60492142601,2024.7806206517,NA,Pacific,Pacific
1019,1020,0.0423261875785912,-105.418702083157,34.0967266812899,-102.862948729522,33.4383187442627,0.215259462478492,0.172933274899901,2024.74004492801,2024.78237111559,NA,Central,Central
902,914,0.0661091254070838,-113.431176586125,42.5990433686278,-111.604105102627,41.0845306266318,0.216703721011857,0.150594595604773,2024.71770624872,2024.78381537413,NA,Mississippi,Mississippi
1342,1344,0.0516592830850826,-107.594552709079,41.6184855755571,-112.993096377092,43.3933693672726,0.218477396764566,0.166818113679484,2024.73392976679,2024.78558904988,NA,Central,Central
1260,1267,0.0341660397219472,-105.403997936699,36.9910886314194,-105.911298715439,37.1042694365272,0.218964372595382,0.184798332873435,2024.75190998599,2024.78607602571,NA,Pacific,Pacific
1328,1329,0.0267720167894152,-109.498263065091,43.6983946371718,-112.87465088121,48.4302814347197,0.219454806434308,0.192682789644893,2024.75979444276,2024.78656645955,NA,Central,Central
935,252,0.0750456684607848,-110.288083817971,48.6591618629031,-107.861192593402,42.9885033449322,0.219773592787864,0.144727924327079,2024.71183957744,2024.7868852459,SRR34491564|A/northern_pintail/WA/24-030720-008/2024|H5N1|USA-WA|Grant|2024-10-15|wild_avian|D1.1,Pacific,Pacific
1224,1225,0.0212384590531216,-88.7885995755204,38.6400526105742,-88.8135734400643,39.3985882637386,0.220166675723189,0.198928216670067,2024.76603986978,2024.78727832884,NA,Mississippi,Mississippi
1338,1339,0.0631708234444153,-108.593674029352,41.8441364924461,-109.363698386599,45.9956379380456,0.221513820729617,0.158342997285202,2024.7254546504,2024.78862547384,NA,Central,Central
1339,1340,0.000856430677099063,-109.363698386599,45.9956379380456,-109.647485327514,45.8452690032371,0.222370251406716,0.221513820729617,2024.78862547384,2024.78948190452,NA,Central,Central
1213,1215,0.0389548399103936,-92.245621362761,35.3987178689872,-91.4127071864409,35.7983562929781,0.224116388093833,0.185161548183439,2024.7522732013,2024.79122804121,NA,Central,Central
954,955,0.103209384387234,-97.5724991046677,41.4222863889301,-103.190405153361,40.3955880745763,0.224715616987237,0.121506232600003,2024.68861788571,2024.7918272701,NA,Central,Central
1276,1278,0.0479093651033931,-103.616884554201,41.0119960450587,-106.728701391659,37.9904879148987,0.22647234637471,0.178562981271317,2024.74567463439,2024.79358399949,NA,Pacific,Pacific
1318,1319,0.0591275415031474,-109.160452243956,43.7515215735576,-106.218024641112,45.8180734098041,0.226740697417606,0.167613155914459,2024.73472480903,2024.79385235053,NA,Central,Central
974,975,0.0247601996523621,-85.1104162100586,41.117522234876,-82.3231324201511,39.1643498040314,0.227428190568592,0.20266799091623,2024.76977964403,2024.79453984368,NA,Mississippi,Atlantic
873,874,0.0752365212512687,-113.592854838781,44.3863830495582,-114.521726718442,44.8757232515022,0.22746970951185,0.152233188260581,2024.71934484137,2024.79458136263,NA,Mississippi,Mississippi
1267,1268,0.00924773560558889,-105.911298715439,37.1042694365272,-105.964394156191,37.1001843987283,0.228212108200971,0.218964372595382,2024.78607602571,2024.79532376131,NA,Pacific,Pacific
1352,1353,0.0696627393030316,-113.292016996091,33.8693949815983,-111.201575753383,39.5841183697011,0.228571612869438,0.158908873566406,2024.72602052668,2024.79568326598,NA,Pacific,Pacific
727,728,0.0902167252943851,-102.709122996323,45.2265450563044,-101.651268629092,43.554240463211,0.228778453129969,0.138561727835584,2024.70567338095,2024.79589010624,NA,Mississippi,Mississippi
1346,1349,0.0507532802417765,-109.305409279188,40.9126520268144,-111.784822039365,37.8081194670705,0.229065571964515,0.178312291722738,2024.74542394484,2024.79617722508,NA,Central,Central
849,850,0.0597060960309592,-105.039704055843,42.0228085936547,-103.592048506547,43.7094315576652,0.229640455960695,0.169934359929736,2024.73704601304,2024.79675210907,NA,Mississippi,Mississippi
921,241,0.0980399198307704,-107.263797610795,37.7146344802845,-106.442159898949,32.1862926610673,0.230702554536368,0.132662634705598,2024.69977428782,2024.79781420765,SRR34491467|A/mallard/WA/24-031817-001/2024|H5N1|USA-WA|Grant|2024-10-19|wild_avian|D1.1,Pacific,Pacific
1235,558,0.0775675586667366,-96.1849876479836,35.1426646984038,-89.4268268046916,35.9600554232344,0.230702554536368,0.153134995869632,2024.72024664898,2024.79781420765,SRR36628568|A/green_winged_teal/MT/24-031811-004/2024|H5N1|USA-MT|Broadwater|2024-10-19|wild_avian|D1.1,Central,Pacific
1292,615,0.073801096690622,-103.984901392199,41.012592023509,-97.555086251,48.6424533924166,0.230702554536368,0.156901457845746,2024.72401311096,2024.79781420765,SRR34491407|A/american_white_pelican/CA/24-031867-001/2024|H5N1|USA-CA|San_Diego|2024-10-19|wild_avian|D1.1,Pacific,Pacific
975,976,0.00332562082739729,-82.3231324201511,39.1643498040314,-82.3649155568788,39.2246680679953,0.23075381139599,0.227428190568592,2024.79453984368,2024.79786546451,NA,Atlantic,Atlantic
707,708,0.080486601049611,-99.8239637288545,37.7272207594501,-111.990372875657,32.3577179838545,0.232087605280675,0.151601004231064,2024.71871265734,2024.79919925839,NA,Central,Central
1004,1005,0.0802823694410224,-87.8401562155275,41.7136508535836,-83.7244210334465,39.0459869715983,0.233222947661712,0.15294057822069,2024.72005223133,2024.80033460078,NA,Mississippi,Atlantic
950,952,0.0890054067349859,-100.21621447119,41.4553874414655,-101.053903866068,42.5747114039213,0.233741117207971,0.144735710472985,2024.71184736359,2024.80085277032,NA,Central,Central
748,756,0.079101785560036,-90.7625186398086,34.1526878139861,-89.0667272225627,33.3709786506166,0.233993004785395,0.154891219225359,2024.72200287234,2024.8011046579,NA,Atlantic,Atlantic
1293,1294,0.0396387408736407,-101.607078938065,40.25303893526,-82.270429407258,31.9447618503796,0.235262423725782,0.195623682852141,2024.76273533597,2024.80237407684,NA,Pacific,Mississippi
905,907,0.0238463454913271,-114.841911492268,42.9470198485355,-113.005733973967,43.80296100603,0.236104097303884,0.212257751812557,2024.77936940493,2024.80321575042,NA,Mississippi,Mississippi
966,285,0.0892733500210021,-98.1504310791153,34.5089525487653,-99.9060828590159,41.4202256283243,0.236167035410848,0.146893685389846,2024.7140053385,2024.80327868852,SRR34491396|A/cackling_goose/OR/24-031821-001/2024|H5N1|USA-OR|Marion|2024-10-21|wild_avian|D1.1,Pacific,Pacific
895,898,0.0435823783597855,-117.045005014591,42.1001077277154,-117.230133653355,42.1668647145979,0.2375026444145,0.193920266054714,2024.76103191917,2024.80461429753,NA,Mississippi,Mississippi
1269,588,0.0860493029090701,-107.632764815883,33.8440963579201,-94.1921022115859,47.4659679157286,0.238899275847974,0.152849972938904,2024.71996162605,2024.80601092896,SRR34491351|A/canada_goose/OR/24-033934-001/2024|H5N1|USA-OR|Lincoln|2024-10-22|wild_avian|D1.1,Pacific,Pacific
1020,1023,0.0250544650684017,-102.862948729522,33.4383187442627,-102.1544943733,34.1516952632908,0.240313927546894,0.215259462478492,2024.78237111559,2024.80742558066,NA,Central,Central
895,896,0.0465663488308357,-117.045005014591,42.1001077277154,-119.838690684795,48.301500992864,0.24048661488555,0.193920266054714,2024.76103191917,2024.807598268,NA,Mississippi,Mississippi
1349,1350,0.0114782140165113,-111.784822039365,37.8081194670705,-114.699152022403,38.0924674877475,0.240543785981026,0.229065571964515,2024.79617722508,2024.80765543909,NA,Central,Central
903,909,0.0826531162208546,-114.045266320159,42.8724759125936,-119.094015211407,38.3195381024322,0.241011398625462,0.158358282404608,2024.72546993552,2024.80812305174,NA,Mississippi,Mississippi
850,851,0.0115898452603527,-103.592048506547,43.7094315576652,-107.225301524038,47.4142545793145,0.241230301221047,0.229640455960695,2024.79675210907,2024.80834195433,NA,Mississippi,Atlantic
1302,1355,0.179699741076816,-110.866211604201,35.1072151753929,-114.948376364667,34.6211388124143,0.241327481573786,0.0616277404969705,2024.62873939361,2024.80843913469,NA,Central,Central
1230,1231,0.0955996117723099,-97.671402467254,31.2792808648994,-97.3377327150698,31.3814130032051,0.244339183674542,0.148739571902232,2024.71585122502,2024.81145083679,NA,Mississippi,Mississippi
932,249,0.102963307167954,-112.48427081973,47.5281903946586,-119.000383967581,36.5553751686449,0.244363756722227,0.141400449554273,2024.70851210267,2024.81147540984,SRR34491527|A/american_coot/MN/24-032215-004/2024|H5N1|USA-MN|Itasca|2024-10-24|wild_avian|D1.1,Central,Mississippi
933,250,0.0906783844714041,-112.741019976783,42.6265749358224,-102.622813468252,40.7845420402461,0.244363756722227,0.153685372250822,2024.72079702536,2024.81147540984,SRR34491441|A/american_coot/MN/24-032215-006/2024|H5N1|USA-MN|Itasca|2024-10-24|wild_avian|D1.1,Central,Mississippi
756,759,0.0103718081133015,-89.0667272225627,33.3709786506166,-91.1213395450061,32.1009013671499,0.244364812898696,0.233993004785395,2024.8011046579,2024.81147646601,NA,Atlantic,Atlantic
851,852,0.00456011668632361,-107.225301524038,47.4142545793145,-104.988492133554,46.6068974543415,0.245790417907371,0.241230301221047,2024.80834195433,2024.81290207102,NA,Atlantic,Atlantic
1241,1242,0.0940127103538555,-106.985296129642,40.8880695300501,-118.51909870142,41.7930608455775,0.246308237882049,0.152295527528194,2024.71940718064,2024.813419891,NA,Pacific,Central
939,940,0.0914212344702106,-112.014244039708,34.3171450970543,-111.259926508408,33.0511801484592,0.246530835747784,0.155109601277573,2024.72222125439,2024.81364248886,NA,Central,Central
852,853,0.000949018100065757,-104.988492133554,46.6068974543415,-104.963772099983,46.6029764512129,0.246739436007437,0.245790417907371,2024.81290207102,2024.81385108912,NA,Atlantic,Atlantic
866,870,0.0853665903876579,-110.178127617489,48.5536809893197,-108.830884167702,48.8184267749629,0.246935097582491,0.161568507194833,2024.72868016031,2024.8140467507,NA,Mississippi,Mississippi
1005,1006,0.01464558030985,-83.7244210334465,39.0459869715983,-83.4653159658544,39.056457625858,0.247868527971562,0.233222947661712,2024.80033460078,2024.81498018109,NA,Atlantic,Atlantic
1005,1008,0.014872131037496,-83.7244210334465,39.0459869715983,-83.5873159628746,39.3733421385417,0.248095078699208,0.233222947661712,2024.80033460078,2024.81520673181,NA,Atlantic,Atlantic
1319,1320,0.0226188564993177,-106.218024641112,45.8180734098041,-105.881643232239,48.4991238731558,0.249359553916924,0.226740697417606,2024.79385235053,2024.81647120703,NA,Central,Central
1354,676,0.117335461463659,-109.283189326635,33.6551036689387,-122.46691445504,38.6246539885005,0.249828237596479,0.132492776132819,2024.69960442925,2024.81693989071,SRR36617365|A/mallard_duck/CA/24-032544-016/2024|H5N1|USA-CA|Yolo|2024-10-26|wild_avian|D1.1,Pacific,Pacific
1008,1009,0.00178673021967857,-83.5873159628746,39.3733421385417,-83.9857592903295,39.4774762889414,0.249881808918887,0.248095078699208,2024.81520673181,2024.81699346203,NA,Atlantic,Atlantic
1006,1007,0.00238383152847166,-83.4653159658544,39.056457625858,-83.0311935316616,39.5321695986624,0.250252359500034,0.247868527971562,2024.81498018109,2024.81736401261,NA,Atlantic,Atlantic
812,813,0.0746523877582785,-101.812454963508,40.1410550203221,-103.211944327041,29.8644013247672,0.251228703975937,0.176576316217658,2024.74368796933,2024.81834035709,NA,Atlantic,Mississippi
898,899,0.0146461969048781,-117.230133653355,42.1668647145979,-118.121231838767,46.5793449529166,0.252148841319378,0.2375026444145,2024.80461429753,2024.81926049443,NA,Mississippi,Mississippi
783,784,0.0822833543198727,-91.8661081224745,34.7076328965923,-91.8635752885105,35.3984643497594,0.252302430803924,0.170019076484051,2024.7371307296,2024.81941408392,NA,Atlantic,Atlantic
894,900,0.0742060465340921,-117.557536925238,41.2813103703875,-118.010281336383,45.091805975692,0.253076508126103,0.17887046159201,2024.74598211471,2024.82018816124,NA,Mississippi,Mississippi
714,715,0.0984246645417579,-102.538122031003,46.311834441417,-105.120548926517,46.4749096608625,0.254369535196978,0.15594487065522,2024.72305652377,2024.82148118831,NA,Mississippi,Mississippi
784,785,0.00241385475405842,-91.8635752885105,35.3984643497594,-91.0695273914612,35.5782902756553,0.254716285557983,0.252302430803924,2024.81941408392,2024.82182793867,NA,Atlantic,Atlantic
900,901,0.00184176000779224,-118.010281336383,45.091805975692,-119.423079895866,46.9458947621455,0.254918268133895,0.253076508126103,2024.82018816124,2024.82202992125,NA,Mississippi,Mississippi
1023,1024,0.0153883182030439,-102.1544943733,34.1516952632908,-103.255453807114,35.6277264303529,0.255702245749938,0.240313927546894,2024.80742558066,2024.82281389886,NA,Central,Central
708,709,0.0240161334440037,-111.990372875657,32.3577179838545,-110.790352805757,33.1690182942282,0.256103738724679,0.232087605280675,2024.79919925839,2024.82321539184,NA,Central,Central
1250,1251,0.0785357034726917,-101.770530116126,39.2286837432371,-98.1842725567645,32.7773493602532,0.257686820296991,0.1791511168243,2024.74626276994,2024.82479847341,NA,Central,Pacific
813,814,0.006541664107375,-103.211944327041,29.8644013247672,-102.846805916321,30.5113781664797,0.257770368083312,0.251228703975937,2024.81834035709,2024.8248820212,NA,Mississippi,Mississippi
1024,1195,0.00320676355151228,-103.255453807114,35.6277264303529,-102.811360863673,35.4101660762481,0.25890900930145,0.255702245749938,2024.82281389886,2024.82602066242,NA,Central,Central
1278,1279,0.0335315075662264,-106.728701391659,37.9904879148987,-103.658662757387,35.6523463174553,0.260003853940936,0.22647234637471,2024.79358399949,2024.82711550705,NA,Pacific,Pacific
875,876,0.105689003968895,-113.663771223605,44.3666176700077,-116.352519202808,45.3595003754593,0.260502371939389,0.154813367970494,2024.72192502108,2024.82761402505,NA,Mississippi,Mississippi
1024,1025,0.00483335220109726,-103.255453807114,35.6277264303529,-104.04861813946,36.2995986852774,0.260535597951035,0.255702245749938,2024.82281389886,2024.82764725106,NA,Central,Central
933,251,0.107071827094388,-112.741019976783,42.6265749358224,-100.41199007436,39.0870246676117,0.260757199345211,0.153685372250822,2024.72079702536,2024.82786885246,SRR34491342|A/bald_eagle/MT/24-033248-001/2024|H5N1|USA-MT|Flathead|2024-10-30|wild_avian|D1.1,Central,Pacific
733,734,0.062575393916426,-74.6744705587642,41.5997012990801,-74.8630178583599,41.7092695612267,0.262834942572041,0.200259548655615,2024.76737120177,2024.82994659569,NA,Atlantic,Atlantic
1294,1295,0.0275747235136068,-82.270429407258,31.9447618503796,-82.3373503399673,32.5230311248443,0.262837147239389,0.235262423725782,2024.80237407684,2024.82994880035,NA,Mississippi,Mississippi
1009,1012,0.0130250251984294,-83.9857592903295,39.4774762889414,-81.2857045379789,39.5937211904329,0.262906834117316,0.249881808918887,2024.81699346203,2024.83001848723,NA,Atlantic,Atlantic
785,789,0.00870573496467619,-91.0695273914612,35.5782902756553,-90.5848299854026,36.4495823220133,0.263422020522659,0.254716285557983,2024.82182793867,2024.83053367364,NA,Atlantic,Atlantic
907,908,0.0279037453107995,-113.005733973967,43.80296100603,-111.424565606538,44.223278477478,0.264007842614684,0.236104097303884,2024.80321575042,2024.83111949573,NA,Mississippi,Mississippi
1319,1323,0.0374304065086353,-106.218024641112,45.8180734098041,-100.335184706278,46.2313247828115,0.264171103926242,0.226740697417606,2024.79385235053,2024.83128275704,NA,Central,Central
846,848,0.0782699897110315,-108.843265427066,44.5935968198535,-116.654103067524,38.9178313003507,0.264544465292772,0.18627447558174,2024.7533861287,2024.83165611841,NA,Mississippi,Mississippi
1245,1246,0.118768034348082,-106.658104242127,38.7808359573489,-105.051122213694,43.2919943824239,0.264699729469444,0.145931695121362,2024.71304334824,2024.83181138258,NA,Central,Central
1296,1298,0.143188508629164,-108.013931687001,37.1523398721309,-100.410378747428,34.8326562790099,0.264799433448991,0.121610924819827,2024.68872257793,2024.83191108656,NA,Pacific,Pacific
760,761,0.118539839710383,-92.544870732005,33.9420047129422,-95.4291335283817,33.3105616941584,0.266068023941237,0.147528184230854,2024.71463983734,2024.83317967706,NA,Atlantic,Atlantic
919,238,0.0931986519532058,-106.72055536595,47.1935272131894,-105.859223746959,45.5701002668121,0.266221680219463,0.173023028266257,2024.74013468138,2024.83333333333,SRR36617768|A/great_horned_owl/WY/24-033104-001/2024|H5N1|USA-WY|Albany|2024-11-01|wild_avian|D1.1,Pacific,Central
958,278,0.0930170606566072,-122.088975182893,37.8768832929744,-119.192273601176,35.4616012967582,0.266221680219463,0.173204619562856,2024.74031627268,2024.83333333333,SRR36628797|A/northern_shoveler/NV/24-033106-004/2024|H5N1|USA-NV|Churchill|2024-11-01|wild_avian|D1.1,Pacific,Pacific
709,710,0.010878939565562,-110.790352805757,33.1690182942282,-110.672426541404,33.4692731367869,0.266982678290241,0.256103738724679,2024.82321539184,2024.8340943314,NA,Central,Central
785,786,0.0132307854122278,-91.0695273914612,35.5782902756553,-90.875454547754,34.80183620443,0.26794707097021,0.254716285557983,2024.82182793867,2024.83505872408,NA,Atlantic,Atlantic
693,695,0.12395389816313,-92.4277955078879,32.7595368650083,-93.0939897362241,30.5984155765003,0.268532528481161,0.144578630318031,2024.71169028343,2024.83564418159,NA,Mississippi,Mississippi
1290,610,0.120314496179123,-103.140261903468,41.7682917742231,-111.202413187071,40.4313683240882,0.268953920656589,0.148639424477467,2024.71575107759,2024.83606557377,SRR34491330|A/canada_goose/OR/24-033933-001/2024|H5N1|USA-OR|Crook|2024-11-02|wild_avian|D1.1,Pacific,Pacific
1309,629,0.119340921528411,-107.628253840065,40.3922351432072,-108.81021444279,37.8078342440393,0.268953920656589,0.149612999128178,2024.71672465224,2024.83606557377,SRR34491332|A/mallard/NV/24-033109-013/2024|H5N1|USA-NV|Churchill|2024-11-02|wild_avian|D1.1,Pacific,Pacific
855,865,0.0769592571048154,-105.031876714614,41.8694865458358,-102.076476025804,40.8999333587478,0.269058029375392,0.192098772270576,2024.75921042538,2024.83616968249,NA,Mississippi,Mississippi
731,742,0.122828365400818,-92.2987356591581,33.6451589361745,-91.1841988366635,33.043320286936,0.269897412566331,0.147069047165513,2024.71418070028,2024.83700906568,NA,Atlantic,Atlantic
1009,1010,0.0204546497971285,-83.9857592903295,39.4774762889414,-84.0960610650098,39.5926141682857,0.270336458716015,0.249881808918887,2024.81699346203,2024.83744811183,NA,Atlantic,Atlantic
856,857,0.069170433282375,-105.741494427862,39.3408623831111,-107.621583968509,38.335810706683,0.27062379772841,0.201453364446035,2024.76856501756,2024.83773545084,NA,Mississippi,Mississippi
734,735,0.00837245829324296,-74.8630178583599,41.7092695612267,-75.0165982991685,41.3810663578717,0.271207400865284,0.262834942572041,2024.82994659569,2024.83831905398,NA,Atlantic,Atlantic
1323,1326,0.00703843883257704,-100.335184706278,46.2313247828115,-96.0314506808032,43.7996101824735,0.271209542758819,0.264171103926242,2024.83128275704,2024.83832119587,NA,Central,Central
1225,1228,0.0531091389193863,-88.8135734400643,39.3985882637386,-93.1991132778275,36.2565399890596,0.273275814642575,0.220166675723189,2024.78727832884,2024.84038746776,NA,Mississippi,Mississippi
1277,594,0.0886195899633073,-105.687353280441,40.1591695023281,-116.360693073661,44.4437748971268,0.277150641968195,0.188531052004888,2024.75564270512,2024.84426229508,SRR34491322|A/green_winged_teal/WA/24-033431-002/2024|H5N1|USA-WA|Grant|2024-11-05|wild_avian|D1.1,Pacific,Pacific
1195,1196,0.0182897095726056,-102.811360863673,35.4101660762481,-102.708383549234,37.4473828034542,0.277198718874055,0.25890900930145,2024.82602066242,2024.84431037199,NA,Central,Central
735,736,0.00610998478521685,-75.0165982991685,41.3810663578717,-75.9928742202385,41.0575081457515,0.2773173856505,0.271207400865284,2024.83831905398,2024.84442903876,NA,Atlantic,Atlantic
965,967,0.143630576097125,-96.1180434553288,34.7522334200121,-104.81515184168,38.1641800224571,0.277380942518441,0.133750366421316,2024.70086201954,2024.84449259563,NA,Pacific,Pacific
813,818,0.0266005261946105,-103.211944327041,29.8644013247672,-102.093006384389,29.9497999697961,0.277829230170547,0.251228703975937,2024.81834035709,2024.84494088328,NA,Mississippi,Mississippi
1246,1247,0.0131413514265275,-105.051122213694,43.2919943824239,-106.861860726057,43.7322586842143,0.277841080895971,0.264699729469444,2024.83181138258,2024.84495273401,NA,Central,Central
814,815,0.0223162680007878,-102.846805916321,30.5113781664797,-97.43330138447,30.0479630494469,0.2800866360841,0.257770368083312,2024.8248820212,2024.8471982892,NA,Mississippi,Mississippi
815,816,0.00140039355815813,-97.43330138447,30.0479630494469,-97.2019565254707,28.8677287483754,0.281487029642258,0.2800866360841,2024.8471982892,2024.84859868276,NA,Mississippi,Mississippi
695,703,0.0133734949637998,-93.0939897362241,30.5984155765003,-94.9619798991648,30.3243259874396,0.28190602344496,0.268532528481161,2024.83564418159,2024.84901767656,NA,Mississippi,Mississippi
1233,1234,0.119860226379245,-93.378285459612,39.4379377852426,-120.456001726053,38.467310051811,0.282435209436012,0.162574983056766,2024.72968663617,2024.84954686255,NA,Mississippi,Pacific
966,286,0.135721437452602,-98.1504310791153,34.5089525487653,-104.448896852046,39.5729515302891,0.282615122842448,0.146893685389846,2024.7140053385,2024.84972677596,SRR34491321|A/cackling_goose/OR/24-033931-001/2024|H5N1|USA-OR|Washington|2024-11-07|wild_avian|D1.1,Pacific,Pacific
923,243,0.1255717099233,-105.042873693839,44.2270218272266,-110.754499549747,43.9395907251057,0.282615122842448,0.157043412919148,2024.72415506603,2024.84972677596,SRR34491320|A/ross_s_goose/ND/24-034667-001/2024|H5N1|USA-ND|Divide|2024-11-07|wild_avian|D1.1,Central,Central
975,986,0.0554543906542917,-82.3231324201511,39.1643498040314,-84.6165065883597,43.7088724861677,0.282882581222884,0.227428190568592,2024.79453984368,2024.84999423434,NA,Atlantic,Atlantic
1311,1312,0.126456032416707,-110.404976013715,34.0818935901287,-112.29579897514,33.4665529972646,0.283692364409093,0.157236331992386,2024.72434798511,2024.85080401752,NA,Central,Central
683,2,0.150993764762801,-98.1348915038805,42.5341068438476,-113.406152788495,42.418796874453,0.285347363279574,0.134353598516773,2024.70146525163,2024.85245901639,SRR36628420|A/blue_winged_teal/TX/24-037863-008/2024|H5N1|USA-TX|Chambers|2024-11-08|wild_avian|D1.1,Central,Central
1304,624,0.12811341091672,-116.288150516933,43.9281683559182,-114.097579838101,37.9815108250131,0.285347363279574,0.157233952362854,2024.72434560548,2024.85245901639,SRR36617252|A/green_winged_teal/TX/24-037863-003/2024|H5N1|USA-TX|Chambers|2024-11-08|wild_avian|D1.1,Central,Central
949,274,0.150493727241827,-100.198523647923,41.473892540041,-97.3995692186872,46.1921055991679,0.2880796037167,0.137585876474873,2024.70469752959,2024.85519125683,SRR34491500|A/green_winged_teal/OK/24-034551-045/2024|H5N1|USA-OK|Sequoyah|2024-11-09|wild_avian|D1.1,Central,Central
1232,549,0.13449359835771,-93.0095054730275,37.6847481059154,-97.0095160801289,37.7275957733613,0.2880796037167,0.15358600535899,2024.72069765847,2024.85519125683,SRR34491499|A/green_winged_teal/KS/24-034556-004/2024|H5N1|USA-KS|Crawford|2024-11-09|wild_avian|D1.1,Mississippi,Central
1345,671,0.13392354381498,-109.568734642447,40.8025418302463,-109.244997322523,46.3807424923161,0.2880796037167,0.15415605990172,2024.72126771302,2024.85519125683,SRR36628704|A/green_winged_teal/OK/24-034551-041/2024|H5N1|USA-OK|Sequoyah|2024-11-09|wild_avian|D1.1,Central,Central
1339,655,0.0665657829870827,-109.363698386599,45.9956379380456,-109.902917394518,43.3452451940908,0.2880796037167,0.221513820729617,2024.78862547384,2024.85519125683,SRR34491498|A/green_winged_teal/KS/24-034557-008/2024|H5N1|USA-KS|Neosho|2024-11-09|wild_avian|D1.1,Central,Central
1320,1321,0.039897213714162,-105.881643232239,48.4991238731558,-101.828019426592,47.7836716463651,0.289256767631086,0.249359553916924,2024.81647120703,2024.85636842074,NA,Central,Central
715,716,0.0354774123244823,-105.120548926517,46.4749096608625,-102.354513917908,47.2345383193242,0.28984694752146,0.254369535196978,2024.82148118831,2024.85695860064,NA,Mississippi,Central
857,858,0.0274691860011109,-107.621583968509,38.335810706683,-111.084045408066,40.2483196753358,0.298092983729521,0.27062379772841,2024.83773545084,2024.86520463684,NA,Mississippi,Mississippi
1258,577,0.145893452395919,-106.162256421576,37.5740963703918,-109.272675649751,40.2502777596182,0.299008565465432,0.153115113069513,2024.72022676618,2024.86612021858,SRR34491487|A/trumpeter_swan/ID/24-034853-004/2024|H5N1|USA-ID|Jefferson|2024-11-13|wild_avian|D1.1,Pacific,Pacific
919,237,0.125985537199174,-106.72055536595,47.1935272131894,-105.862716066154,41.7735711657745,0.299008565465432,0.173023028266257,2024.74013468138,2024.86612021858,SRR34491488|A/trumpeter_swan/ID/24-034853-002/2024|H5N1|USA-ID|Jefferson|2024-11-13|wild_avian|D1.1,Pacific,Pacific
825,140,0.148723910122622,-104.560283299487,43.8144057219802,-97.4415295073716,30.6548629485917,0.301740805902558,0.153016895779936,2024.72012854889,2024.86885245902,SRR34491480|A/ring_necked_duck/MN/24-035413-001/2024|H5N1|USA-MN|Cass|2024-11-14|wild_avian|D1.1,Mississippi,Mississippi
827,142,0.148281369408259,-104.615463045722,43.5414690686059,-112.93783034205,35.5590684073438,0.301740805902558,0.153459436494299,2024.72057108961,2024.86885245902,SRR34491479|A/canvasback/MN/24-035695-001/2024|H5N1|USA-MN|Wabasha|2024-11-14|wild_avian|D1.1,Mississippi,Mississippi
818,820,0.0250422477355787,-102.093006384389,29.9497999697961,-101.65765964776,29.905430993659,0.302871477906126,0.277829230170547,2024.84494088328,2024.86998313102,NA,Mississippi,Mississippi
1010,1011,0.0326996015548027,-84.0960610650098,39.5926141682857,-85.0974665408374,39.4455186926756,0.303036060270818,0.270336458716015,2024.83744811183,2024.87014771338,NA,Atlantic,Atlantic
1238,554,0.138099486703557,-93.6056516614554,35.8457684749612,-93.4405636453515,37.5794953239796,0.304473046339684,0.166373559636128,2024.73348521275,2024.87158469945,SRR36617493|A/golden_eagle/CO/25-010611-001/2024|H5N1|USA-CO|Morgan|2024-11-15|wild_avian|D1.1,Central,Central
688,5,0.0926277332570058,-82.5868433279894,34.4597127245952,-85.0238899209202,34.0686077238621,0.304473046339684,0.211845313082679,2024.7789569662,2024.87158469945,SRR34491413|A/mallard/UT/24-034892-003/2024|H5N1|USA-UT|Box_Elder|2024-11-15|wild_avian|D1.1,Pacific,Pacific
898,212,0.0669704019251844,-117.230133653355,42.1668647145979,-112.284463861032,35.672229949156,0.304473046339684,0.2375026444145,2024.80461429753,2024.87158469945,SRR34491411|A/green_winged_teal/ND/24-034964-002/2024|H5N1|USA-ND|LaMoure|2024-11-15|wild_avian|D1.1,Mississippi,Central
710,712,0.0375076485718999,-110.672426541404,33.4692731367869,-110.780475321499,36.6642490551156,0.304490326862141,0.266982678290241,2024.8340943314,2024.87160197998,NA,Central,Central
703,704,0.0233082041950483,-94.9619798991648,30.3243259874396,-94.9987645704392,30.858418365934,0.305214227640009,0.28190602344496,2024.84901767656,2024.87232588075,NA,Mississippi,Mississippi
1225,1226,0.0863566624248098,-88.8135734400643,39.3985882637386,-83.7843049876049,41.400721222963,0.306523338147998,0.220166675723189,2024.78727832884,2024.87363499126,NA,Mississippi,Mississippi
937,254,0.120794127392834,-108.543554991055,40.7040029296959,-104.400928009801,46.4382398428367,0.30720528677681,0.186411159383976,2024.7535228125,2024.87431693989,SRR34491569|A/gadwall/CA/24-035297-036/2024|H5N1|USA-CA|Fresno|2024-11-16|wild_avian|D1.1,Pacific,Pacific
694,10,0.110306493215488,-99.3175530612573,31.476199213643,-100.452561246617,34.5075975023491,0.30720528677681,0.196898793561323,2024.76401044668,2024.87431693989,SRR34491574|A/green_winged_teal/IL/24-035153-025/2024|H5N1|USA-IL|Clinton|2024-11-16|wild_avian|D1.1,Mississippi,Mississippi
1025,1026,0.0473297729596833,-104.04861813946,36.2995986852774,-106.298178720795,35.1296780161994,0.307865370910718,0.260535597951035,2024.82764725106,2024.87497702402,NA,Central,Central
761,762,0.043110861977107,-95.4291335283817,33.3105616941584,-94.9891411072507,34.0973278572049,0.309178885918344,0.266068023941237,2024.83317967706,2024.87629053903,NA,Atlantic,Atlantic
1259,576,0.119309981947554,-107.208232178221,37.8935067865519,-88.1575590575416,31.7069249749674,0.309937527214164,0.19062754526661,2024.75773919838,2024.87704918033,SRR34491566|A/northern_pintail/IL/24-035154-001/2024|H5N1|USA-IL|Clinton|2024-11-17|wild_avian|D1.1,Pacific,Mississippi
858,859,0.0201052878407777,-111.084045408066,40.2483196753358,-108.715419035018,42.996377465224,0.318198271570298,0.298092983729521,2024.86520463684,2024.88530992468,NA,Mississippi,Mississippi
815,817,0.0410492740234005,-97.43330138447,30.0479630494469,-98.1318252885856,31.0770969463387,0.3211359101075,0.2800866360841,2024.8471982892,2024.88824756322,NA,Mississippi,Mississippi
915,916,0.165409403086188,-104.45830124747,47.159808172415,-94.9796575907372,42.1897549878771,0.322801812227459,0.157392409141271,2024.72450406226,2024.88991346534,NA,Atlantic,Mississippi
967,287,0.0462177868813536,-104.81515184168,38.1641800224571,-104.759268848113,37.4935130744105,0.323598729399795,0.277380942518441,2024.84449259563,2024.89071038251,SRR36617849|A/house_sparrow/AZ/24-036612-005/2024|H5N1|USA-AZ|Pinal|2024-11-22|wild_avian|D1.1,Pacific,Pacific
1271,1272,0.124040314548977,-116.850725784093,35.2088575405545,-103.627609004401,42.5022020273587,0.325548328332308,0.201508013783331,2024.7686196669,2024.89265998145,NA,Central,Atlantic
826,144,0.173559274607232,-104.485347636619,43.4892745553917,-100.847154265146,41.1707806870435,0.326330969836921,0.152771695229689,2024.71988334834,2024.89344262295,SRR36617263|A/ring_necked_duck/GA/24-036176-005/2024|H5N1|USA-GA|Seminole|2024-11-23|wild_avian|D1.1,Mississippi,Atlantic
825,141,0.173314074056985,-104.560283299487,43.8144057219802,-99.6544190206926,35.797963188499,0.326330969836921,0.153016895779936,2024.72012854889,2024.89344262295,SRR34491474|A/blue_winged_teal/FL/24-036665-008/2024|H5N1|USA-FL|Palm_Beach|2024-11-23|wild_avian|D1.1,Mississippi,Atlantic
827,143,0.172871533342622,-104.615463045722,43.5414690686059,-103.339737236194,43.7659589817863,0.326330969836921,0.153459436494299,2024.72057108961,2024.89344262295,EPI_ISL_19777455|A/northern_pintail/Tennessee/158/2024|H5N1|USA-TN|Unknown|2024-11-23|wild_avian|D1.1,Mississippi,Mississippi
822,137,0.129789710985817,-100.284718135453,39.4834859489749,-95.2703883172316,39.921129343375,0.326330969836921,0.196541258851104,2024.76365291196,2024.89344262295,SRR34491475|A/blue_winged_teal/FL/24-036665-004/2024|H5N1|USA-FL|Palm_Beach|2024-11-23|wild_avian|D1.1,Atlantic,Atlantic
820,136,0.0234594919307949,-101.65765964776,29.905430993659,-98.7203886629873,39.6848008955461,0.326330969836921,0.302871477906126,2024.86998313102,2024.89344262295,SRR36617264|A/ring_necked_duck/GA/24-036176-004/2024|H5N1|USA-GA|Seminole|2024-11-23|wild_avian|D1.1,Mississippi,Atlantic
951,269,0.169007870052237,-101.798412459913,45.4415899560753,-103.17380816906,45.146103726654,0.329063210274275,0.160055340222038,2024.72716699334,2024.89617486339,SRR36617491|A/Peregrine_falcon/CO/25-019366-001/2024|H5N1|USA-CO|Denver|2024-11-24|wild_avian|D1.1,Central,Central
1238,555,0.162689650638147,-93.6056516614554,35.8457684749612,-98.572555022188,34.536203455248,0.329063210274275,0.166373559636128,2024.73348521275,2024.89617486339,SRR36617504|A/mallard_duck/NE/25-004748-004/2024|H5N1|USA-NE|Buffalo|2024-11-24|wild_avian|D1.1,Central,Central
1297,617,0.159077757036651,-101.476839045212,30.4442705679691,-122.963665037428,39.6956415842272,0.329063210274275,0.169985453237624,2024.73709710635,2024.89617486339,SRR36617269|A/mallard_duck/WA/24-036061-007/2024|H5N1|USA-WA|Grant|2024-11-24|wild_avian|D1.1,Central,Pacific
1328,644,0.136380420629381,-109.498263065091,43.6983946371718,-114.399933380219,44.840589232625,0.329063210274275,0.192682789644893,2024.75979444276,2024.89617486339,SRR31914411|A/Turkey/SD/24-035157-004-original/2024|H5N1|USA-SD|Unknown|2024-11-24|domestic_avian|D1.1,Central,Central
1323,1324,0.0654799041731746,-100.335184706278,46.2313247828115,-100.33353185616,46.2328294524793,0.329651008099416,0.264171103926242,2024.83128275704,2024.89676266121,NA,Central,Central
938,256,0.172480026832279,-106.155507223623,41.1438730183621,-103.724418869134,38.6825080713607,0.331795450711401,0.159315423879121,2024.72642707699,2024.89890710383,SRR36617265|A/great_horned_owl/WY/24-036166-001/2024|H5N1|USA-WY|Lincoln|2024-11-25|wild_avian|D1.1,Pacific,Pacific
1343,660,0.139641622566351,-108.552484996741,42.2449585550778,-107.325381287552,42.7659665358078,0.331795450711401,0.19215382814505,2024.75926548126,2024.89890710383,SRR36617524|A/mallard_duck/NE/25-003309-011/2024|H5N1|USA-NE|Buffalo|2024-11-25|wild_avian|D1.1,Central,Central
1293,611,0.136171767859259,-101.607078938065,40.25303893526,-80.3778661253544,36.5883849954379,0.331795450711401,0.195623682852141,2024.76273533597,2024.89890710383,SRR34491460|A/blue_winged_teal/LA/24-035708-007/2024|H5N1|USA-LA|Cameron|2024-11-25|wild_avian|D1.1,Pacific,Mississippi
1344,662,0.113318053946834,-112.993096377092,43.3933693672726,-109.814756620037,39.3650320169425,0.331795450711401,0.218477396764566,2024.78558904988,2024.89890710383,SRR34491454|A/blue_winged_teal/LA/24-035708-014/2024|H5N1|USA-LA|Cameron|2024-11-25|wild_avian|D1.1,Central,Mississippi
728,46,0.103016997581432,-101.651268629092,43.554240463211,-105.511642614483,46.5127552335701,0.331795450711401,0.228778453129969,2024.79589010624,2024.89890710383,SRR31914406|A/Turkey/SD/24-035288-003-original/2024|H5N1|USA-SD|Unknown|2024-11-25|domestic_avian|D1.1,Mississippi,Central
967,288,0.0544145081929595,-104.81515184168,38.1641800224571,-104.755369300539,38.4855877369993,0.331795450711401,0.277380942518441,2024.84449259563,2024.89890710383,SRR36617855|A/black_necked_stilt/AZ/24-036610-002/2024|H5N1|USA-AZ|Pinal|2024-11-25|wild_avian|D1.1,Pacific,Pacific
971,290,0.213095262549575,-87.7033323453385,38.8021259192396,-105.366580156541,33.831718736097,0.334527691148527,0.121432428598952,2024.68854408171,2024.90163934426,SRR34491451|A/green_winged_teal/NM/24-036318-011/2024|H5N1|USA-NM|San_Miguel|2024-11-26|wild_avian|D1.1,Mississippi,Central
1352,674,0.175618817582121,-113.292016996091,33.8693949815983,-117.880984510453,34.3144523525899,0.334527691148527,0.158908873566406,2024.72602052668,2024.90163934426,SRR36617487|A/canada_goose/UT/24-035683-001/2024|H5N1|USA-UT|Weber|2024-11-26|wild_avian|D1.1,Pacific,Pacific
1297,618,0.164542237910903,-101.476839045212,30.4442705679691,-98.7158320351855,26.5729156503413,0.334527691148527,0.169985453237624,2024.73709710635,2024.90163934426,SRR34491450|A/green_winged_teal/NM/24-036318-014/2024|H5N1|USA-NM|San_Miguel|2024-11-26|wild_avian|D1.1,Central,Central
1295,612,0.071690543909138,-82.3373503399673,32.5230311248443,-82.2092160114303,34.4529355680216,0.334527691148527,0.262837147239389,2024.82994880035,2024.90163934426,SRR31914398|A/chicken/TN/24-035519-005-original/2024|H5N1|USA-TN|Unknown|2024-11-26|domestic_avian|D1.1,Mississippi,Mississippi
816,128,0.0530406615062691,-97.2019565254707,28.8677287483754,-97.3243814506227,30.1867734354201,0.334527691148527,0.281487029642258,2024.84859868276,2024.90163934426,SRR36628221|A/mallard_duck/IA/24-037337-003/2024|H5N1|USA-IA|Jackson|2024-11-26|wild_avian|D1.1,Mississippi,Mississippi
1216,1217,0.14413232106372,-89.1056050047517,39.5172661054628,-99.1528331109469,37.0738331715608,0.335637139864985,0.191504818801264,2024.75861647192,2024.90274879298,NA,Mississippi,Mississippi
846,847,0.149956919172729,-108.843265427066,44.5935968198535,-105.982337522908,41.8287323962304,0.33623139475447,0.18627447558174,2024.7533861287,2024.90334304787,NA,Mississippi,Mississippi
925,244,0.264424400522134,-110.190050738617,40.7172581736209,-104.504136811635,34.5509092805414,0.337259931585653,0.0728355310635187,2024.63994718418,2024.9043715847,SRR34491403|A/western_gull/CA/24-036324-002/2024|H5N1|USA-CA|Santa_Barbara|2024-11-27|wild_avian|D1.1,Pacific,Pacific
823,139,0.221580680460789,-104.93410463793,44.1948738626513,-104.614131624473,39.3655834237606,0.337259931585653,0.115679251124864,2024.68279090424,2024.9043715847,SRR34491447|A/blue_winged_teal/SC/24-036315-006/2024|H5N1|USA-SC|Colleton|2024-11-27|wild_avian|D1.1,Mississippi,Atlantic
844,162,0.154268922907902,-108.718486575793,45.6260232577,-105.293935916155,48.0815905509665,0.337259931585653,0.182991008677752,2024.75010266179,2024.9043715847,SRR34491402|A/mallard/AR/24-036997-003/2024|H5N1|USA-AR|Prairie|2024-11-27|wild_avian|D1.1,Mississippi,Mississippi
1278,596,0.110787585210943,-106.728701391659,37.9904879148987,-104.813379626905,37.8228243772814,0.337259931585653,0.22647234637471,2024.79358399949,2024.9043715847,SRR33508820|A/snow_goose/MT/24-035974-001/2024|H5N1|USA-MT|Gallatin|2024-11-27|wild_avian|D1.1,Pacific,Pacific
1226,1227,0.0309061645803108,-83.7843049876049,41.400721222963,-77.5258526307006,40.2517181277545,0.337429502728309,0.306523338147998,2024.87363499126,2024.90454115584,NA,Mississippi,Mississippi
709,26,0.0838884332981003,-110.790352805757,33.1690182942282,-113.235848407547,34.9108529514501,0.339992172022779,0.256103738724679,2024.82321539184,2024.90710382514,SRR36617643|A/trumpeter_swan/MT/24-037728-001/2024|H5N1|USA-MT|Big_Horn|2024-11-28|wild_avian|D1.1,Central,Central
1026,1027,0.0323871791877082,-106.298178720795,35.1296780161994,-106.234378700429,37.9001748372423,0.340252550098426,0.307865370910718,2024.87497702402,2024.90736420321,NA,Central,Central
716,724,0.050658415551299,-102.354513917908,47.2345383193242,-106.583894506007,34.6882209546096,0.340505363072759,0.28984694752146,2024.85695860064,2024.90761701619,NA,Central,Mississippi
850,168,0.113083956499211,-103.592048506547,43.7094315576652,-107.266354908185,36.5172925693105,0.342724412459905,0.229640455960695,2024.79675210907,2024.90983606557,SRR34491401|A/mallard/IA/24-036924-003/2024|H5N1|USA-IA|Marion|2024-11-29|wild_avian|D1.1,Mississippi,Mississippi
856,863,0.142034447781484,-105.741494427862,39.3408623831111,-102.794537610719,44.6043290491922,0.343487812227519,0.201453364446035,2024.76856501756,2024.91059946534,NA,Mississippi,Mississippi
820,821,0.0418533403845227,-101.65765964776,29.905430993659,-101.197531839591,30.9775294848119,0.344724818290649,0.302871477906126,2024.86998313102,2024.9118364714,NA,Mississippi,Mississippi
859,860,0.0269043336714854,-108.715419035018,42.996377465224,-109.400490405152,43.5285024241692,0.345102605241784,0.318198271570298,2024.88530992468,2024.91221425836,NA,Mississippi,Mississippi
976,977,0.11594310354665,-82.3649155568788,39.2246680679953,-80.3510486025477,38.1683929050574,0.34669691494264,0.23075381139599,2024.79786546451,2024.91380856806,NA,Atlantic,Atlantic
784,795,0.0948178907988479,-91.8635752885105,35.3984643497594,-91.3217463975,33.8855568996139,0.347120321602772,0.252302430803924,2024.81941408392,2024.91423197472,NA,Atlantic,Atlantic
860,861,0.00203819416054207,-109.400490405152,43.5285024241692,-109.422240946019,43.397020923979,0.347140799402326,0.345102605241784,2024.91221425836,2024.91425245252,NA,Mississippi,Mississippi
1326,1327,0.0764348495206895,-96.0314506808032,43.7996101824735,-94.7879664562669,43.8519721677256,0.347644392279508,0.271209542758819,2024.83832119587,2024.91475604539,NA,Central,Central
736,739,0.0705419462349421,-75.9928742202385,41.0575081457515,-75.6427422740172,39.9021987820059,0.347859331885443,0.2773173856505,2024.84442903876,2024.914970985,NA,Atlantic,Atlantic
1211,526,0.165278990592225,-94.4831729446565,31.5990976290524,-96.9837785398133,31.172271479109,0.348188893334385,0.18290990274216,2024.75002155586,2024.91530054645,SRR34491394|A/snow_goose/AR/24-035819-001/2024|H5N1|USA-AR|Prairie|2024-12-01|wild_avian|D1.1,Mississippi,Mississippi
870,185,0.101253795751894,-108.830884167702,48.8184267749629,-110.212692602771,48.8766290305892,0.348188893334385,0.246935097582491,2024.8140467507,2024.91530054645,SRR34491391|A/green_winged_teal/TN/24-036998-013/2024|H5N1|USA-TN|Obion|2024-12-01|wild_avian|D1.1,Mississippi,Mississippi
1298,1299,0.0842318205973436,-100.410378747428,34.8326562790099,-99.6504583765572,35.8049740488617,0.349031254046335,0.264799433448991,2024.83191108656,2024.91614290716,NA,Pacific,Pacific
803,804,0.0274829053426495,-75.8445431226854,41.3154425998325,-75.7723772969227,41.6607244024007,0.349224108977494,0.321741203634845,2024.88885285675,2024.91633576209,NA,Atlantic,Atlantic
1217,1218,0.0136373613525214,-99.1528331109469,37.0738331715608,-99.8053871907147,35.8753361835884,0.349274501217506,0.335637139864985,2024.90274879298,2024.91638615433,NA,Mississippi,Mississippi
762,763,0.0402737365934545,-94.9891411072507,34.0973278572049,-96.3383593542875,35.1039252029223,0.349452622511798,0.309178885918344,2024.87629053903,2024.91656427563,NA,Atlantic,Atlantic
1348,665,0.161752831615049,-114.718679061124,39.8070010583642,-104.175701060034,43.8329922100241,0.350921133771511,0.189168302156463,2024.75627995527,2024.91803278689,SRR36617866|A/trumpeter_swan/MI/24-036239-001/2024|H5N1|USA-MI|Eaton|2024-12-02|wild_avian|D1.1,Mississippi,Mississippi
833,146,0.15719942874331,-115.887613171377,41.5577541304422,-110.658778073103,32.7762037774682,0.350921133771511,0.193721705028202,2024.76083335814,2024.91803278689,SRR34491382|A/snow_goose/KS/24-036679-005/2024|H5N1|USA-KS|Montgomery|2024-12-02|wild_avian|D1.1,Mississippi,Central
756,757,0.117449360810753,-89.0667272225627,33.3709786506166,-91.2701357571171,37.249850957424,0.351442365596147,0.233993004785395,2024.8011046579,2024.91855401871,NA,Atlantic,Atlantic
1025,1092,0.0925528163707097,-104.04861813946,36.2995986852774,-102.384769664842,38.4300823203257,0.353088414321745,0.260535597951035,2024.82764725106,2024.92020006744,NA,Central,Central
804,805,0.00414055152717263,-75.7723772969227,41.6607244024007,-76.7635938316604,42.6628876404335,0.353364660504667,0.349224108977494,2024.91633576209,2024.92047631362,NA,Atlantic,Atlantic
942,262,0.230602197820593,-107.156516323358,45.9299823899592,-113.08253345031,45.9011424516476,0.353653374208637,0.123051176388044,2024.6901628295,2024.92076502732,SRR34491344|A/owl/UT/24-036341-002/2024|H5N1|USA-UT|Box_Elder|2024-12-03|wild_avian|D1.1,Pacific,Pacific
922,240,0.21021589454048,-107.511649806889,37.5039438118219,-108.594006309755,33.0234413894257,0.353653374208637,0.143437479668158,2024.71054913278,2024.92076502732,SRR36628227|A/canada_goose/UT/24-036341-001/2024|H5N1|USA-UT|Davis|2024-12-03|wild_avian|D1.1,Pacific,Pacific
951,270,0.1935980339866,-101.798412459913,45.4415899560753,-108.972858377512,44.741326792569,0.353653374208637,0.160055340222038,2024.72716699334,2024.92076502732,SRR36628224|A/mallard_duck/MT/24-036921-002/2024|H5N1|USA-MT|Big_Horn|2024-12-03|wild_avian|D1.1,Central,Central
710,711,0.0870725835124102,-110.672426541404,33.4692731367869,-107.604634053034,35.1964510247573,0.354055261802651,0.266982678290241,2024.8340943314,2024.92116691492,NA,Central,Pacific
1196,1197,0.0772223136346197,-102.708383549234,37.4473828034542,-108.058800753007,41.976348797559,0.354421032508675,0.277198718874055,2024.84431037199,2024.92153268562,NA,Central,Central
1272,1273,0.0290034656955347,-103.627609004401,42.5022020273587,-103.435118312738,43.639963654587,0.354551794027842,0.325548328332308,2024.89265998145,2024.92166344714,NA,Atlantic,Atlantic
1026,1084,0.0476321260997037,-106.298178720795,35.1296780161994,-107.072045569317,36.2475164684033,0.355497497010422,0.307865370910718,2024.87497702402,2024.92260915012,NA,Central,Central
926,245,0.204481174526044,-111.065701755933,44.5935432574682,-106.677879661082,39.5960750280576,0.356385614645764,0.15190444011972,2024.71901609323,2024.92349726776,SRR36617418|A/harris_hawk/AZ/24-038176-001/2024|H5N1|USA-AZ|Maricopa|2024-12-04|wild_avian|D1.1,Pacific,Pacific
1304,625,0.19915166228291,-116.288150516933,43.9281683559182,-108.063155709986,40.2073310113842,0.356385614645764,0.157233952362854,2024.72434560548,2024.92349726776,SRR34491526|A/snow_goose/SD/24-036845-001/2024|H5N1|USA-SD|Spink|2024-12-04|wild_avian|D1.1,Central,Central
728,47,0.127607161515795,-101.651268629092,43.554240463211,-109.148473275726,42.5276903213534,0.356385614645764,0.228778453129969,2024.79589010624,2024.92349726776,SRR34491531|A/snow_goose/KY/24-036682-002/2024|H5N1|USA-KY|Henderson|2024-12-04|wild_avian|D1.1,Mississippi,Mississippi
1092,1093,0.00336123675859179,-102.384769664842,38.4300823203257,-102.632977053589,37.9716187197492,0.356449651080336,0.353088414321745,2024.92020006744,2024.92356130419,NA,Central,Central
1197,1199,0.0023381558997464,-108.058800753007,41.976348797559,-107.221764613971,41.294406047923,0.356759188408422,0.354421032508675,2024.92153268562,2024.92387084152,NA,Central,Central
704,705,0.0516093231550661,-94.9987645704392,30.858418365934,-95.4555813440878,40.5448615288662,0.356823550795075,0.305214227640009,2024.87232588075,2024.92393520391,NA,Mississippi,Atlantic
1084,1085,0.00243800759628265,-107.072045569317,36.2475164684033,-105.957060526157,36.3243194927364,0.357935504606705,0.355497497010422,2024.92260915012,2024.92504715772,NA,Central,Central
695,696,0.0894840751302814,-93.0939897362241,30.5984155765003,-92.554732177468,35.6741835019774,0.358016603611442,0.268532528481161,2024.83564418159,2024.92512825673,NA,Mississippi,Atlantic
705,706,0.00122183823090061,-95.4555813440878,40.5448615288662,-95.8271215895471,39.3987814218359,0.358045389025975,0.356823550795075,2024.92393520391,2024.92515704214,NA,Atlantic,Atlantic
1208,521,0.169588653295706,-91.7036350240764,30.0896394912646,-86.4670836708448,35.9323982599485,0.35911785508289,0.189529201787184,2024.7566408549,2024.9262295082,SRR34491514|A/snow_goose/LA/24-036681-005/2024|H5N1|USA-LA|Cameron|2024-12-05|wild_avian|D1.1,Central,Mississippi
1353,672,0.130546242213452,-111.201575753383,39.5841183697011,-113.007583449218,39.7807901790079,0.35911785508289,0.228571612869438,2024.79568326598,2024.9262295082,SRR36617838|A/western_gull/CA/24-036784-001/2024|H5N1|USA-CA|Los_Angeles|2024-12-05|wild_avian|D1.1,Pacific,Pacific
1355,677,0.117790373509104,-114.948376364667,34.6211388124143,-119.192820704229,45.0430414921179,0.35911785508289,0.241327481573786,2024.80843913469,2024.9262295082,SRR34491517|A/snow_goose/LA/24-036681-003/2024|H5N1|USA-LA|Cameron|2024-12-05|wild_avian|D1.1,Central,Mississippi
1092,1095,0.00733052097261233,-102.384769664842,38.4300823203257,-102.373093433271,38.3972127958129,0.360418935294357,0.353088414321745,2024.92020006744,2024.92753058841,NA,Central,Central
1199,1200,0.00395082241308176,-107.221764613971,41.294406047923,-106.559055045912,44.5529722045342,0.360710010821503,0.356759188408422,2024.92387084152,2024.92782166394,NA,Central,Central
1241,561,0.209554567991822,-106.985296129642,40.8880695300501,-111.436645961337,37.8505605895334,0.361850095520016,0.152295527528194,2024.71940718064,2024.92896174863,SRR36628213|A/mallard_duck/MT/24-037783-006/2024|H5N1|USA-MT|Big_Horn|2024-12-06|wild_avian|D1.1,Pacific,Central
1321,635,0.0725933278889299,-101.828019426592,47.7836716463651,-105.471895442754,39.0311801361052,0.361850095520016,0.289256767631086,2024.85636842074,2024.92896174863,SRR36617835|A/snow_goose/MS/24-036916-001/2024|H5N1|USA-MS|Washington|2024-12-06|wild_avian|D1.1,Central,Mississippi
1227,540,0.0244205927917067,-77.5258526307006,40.2517181277545,-80.2688696669221,36.1511011047113,0.361850095520016,0.337429502728309,2024.90454115584,2024.92896174863,SRR34491436|A/snow_goose/IN/24-037289-004/2024|H5N1|USA-IN|Gibson|2024-12-06|wild_avian|D1.1,Mississippi,Mississippi
736,737,0.085862537321194,-75.9928742202385,41.0575081457515,-75.5288562471443,40.5741845768508,0.363179922971694,0.2773173856505,2024.84442903876,2024.93029157609,NA,Atlantic,Atlantic
1218,1219,0.0139574592465214,-99.8053871907147,35.8753361835884,-98.9517308627854,35.6909162383871,0.363231960464027,0.349274501217506,2024.91638615433,2024.93034361358,NA,Mississippi,Mississippi
716,717,0.0745096862566675,-102.354513917908,47.2345383193242,-103.491978365066,40.5145699765618,0.364356633778128,0.28984694752146,2024.85695860064,2024.93146828689,NA,Central,Mississippi
1272,589,0.0390340076248343,-103.627609004401,42.5022020273587,-104.806146114661,42.0460773485887,0.364582335957142,0.325548328332308,2024.89265998145,2024.93169398907,SRR36628218|A/green_winged_teal/FL/24-037597-021/2024|H5N1|USA-FL|St_Johns|2024-12-07|wild_avian|D1.1,Atlantic,Atlantic
847,159,0.0283509412026726,-105.982337522908,41.8287323962304,-106.132633263657,36.4452305810763,0.364582335957142,0.33623139475447,2024.90334304787,2024.93169398907,SRR36617819|A/tundra_swan/WI/24-037346-003/2024|H5N1|USA-WI|Dane|2024-12-07|wild_avian|D1.1,Mississippi,Mississippi
1273,590,0.0100305419292996,-103.435118312738,43.639963654587,-103.516458980428,43.0255531681926,0.364582335957142,0.354551794027842,2024.92166344714,2024.93169398907,SRR36617659|A/green_winged_teal/FL/24-037597-003/2024|H5N1|USA-FL|St_Johns|2024-12-07|wild_avian|D1.1,Atlantic,Atlantic
786,787,0.0984107839707035,-90.875454547754,34.80183620443,-88.5995698329186,36.4944251253397,0.366357854940914,0.26794707097021,2024.83505872408,2024.93346950805,NA,Atlantic,Atlantic
1231,548,0.122975392719954,-97.3377327150698,31.3814130032051,-100.331924389979,37.8108918886726,0.367314576394496,0.244339183674542,2024.81145083679,2024.93442622951,SRR31820756|A/chicken/OK/24-036668-002-original/2024|H5N1|USA-OK|Unknown|2024-12-08|domestic_avian|D1.1,Mississippi,Central
870,871,0.121720760855814,-108.830884167702,48.8184267749629,-102.118747374564,46.2779266814199,0.368655858438305,0.246935097582491,2024.8140467507,2024.93576751155,NA,Mississippi,Mississippi
795,796,0.0225625495733218,-91.3217463975,33.8855568996139,-91.289070943424,33.2480707766019,0.369682871176094,0.347120321602772,2024.91423197472,2024.93679452429,NA,Atlantic,Atlantic
757,758,0.0186037117071636,-91.2701357571171,37.249850957424,-90.4867280976898,36.3773873622018,0.370046077303311,0.351442365596147,2024.91855401871,2024.93715773042,NA,Atlantic,Atlantic
809,233,0.28749332798368,-107.249311379754,42.9365529545514,-116.815818158175,46.1145037238859,0.370046816831622,0.0825534888479422,2024.64966514196,2024.93715846995,SRR34491427|A/great_horned_owl/NE/24-036852-002/2024|H5N1|USA-NE|Douglas|2024-12-09|wild_avian|D1.1,Mississippi,Central
1206,520,0.21981122971264,-94.8350391990062,31.4974777241539,-90.3361228333094,30.6881867304107,0.370046816831622,0.150235587118982,2024.71734724023,2024.93715846995,SRR36628220|A/american_wigeon/IL/24-037535-005/2024|H5N1|USA-IL|Fulton|2024-12-09|wild_avian|D1.1,Mississippi,Mississippi
867,181,0.187104759562786,-113.271784291116,43.818140031366,-108.950488511403,40.9660915407361,0.370046816831622,0.182942057268836,2024.75005371038,2024.93715846995,SRR36617445|A/wild_duck/MS/24-037653-002/2024|H5N1|USA-MS|Tallahatchie|2024-12-09|wild_avian|D1.1,Mississippi,Mississippi
1251,569,0.11235999653463,-98.1842725567645,32.7773493602532,-96.8994782066741,37.9702132347435,0.370046816831622,0.257686820296991,2024.82479847341,2024.93715846995,SRR33508718|A/snow_goose/OR/24-037758-001/2024|H5N1|USA-OR|Malheur|2024-12-09|wild_avian|D1.1,Pacific,Pacific
1246,563,0.105347087362178,-105.051122213694,43.2919943824239,-87.8373710743002,45.3423492738869,0.370046816831622,0.264699729469444,2024.83181138258,2024.93715846995,SRR36617246|A/snow_goose/IN/24-037868-001/2024|H5N1|USA-IN|Lake|2024-12-09|wild_avian|D1.1,Central,Mississippi
1234,550,0.0876116073956101,-120.456001726053,38.467310051811,-120.174338222154,37.828945936878,0.370046816831622,0.282435209436012,2024.84954686255,2024.93715846995,SRR36617634|A/snow_goose/OR/24-037761-001/2024|H5N1|USA-OR|Union|2024-12-09|wild_avian|D1.1,Pacific,Pacific
1350,1351,0.130199404919675,-114.699152022403,38.0924674877475,-115.318245912889,33.7593583818137,0.370743190900701,0.240543785981026,2024.80765543909,2024.93785484401,NA,Central,Central
1020,1021,0.156831767111489,-102.862948729522,33.4383187442627,-101.684125913149,31.9440814696564,0.372091229589981,0.215259462478492,2024.78237111559,2024.9392028827,NA,Central,Central
1347,666,0.184103995301549,-112.597505292317,39.8864303976389,-109.829595616454,33.9995314445538,0.372779057268748,0.188675061967199,2024.75578671508,2024.93989071038,SRR34491425|A/canada_goose/MN/24-037100-001/2024|H5N1|USA-MN|Murray|2024-12-10|wild_avian|D1.1,Central,Mississippi
874,189,0.145309347756898,-114.521726718442,44.8757232515022,-122.98396832665,44.1630161026889,0.372779057268748,0.22746970951185,2024.79458136263,2024.93989071038,SRR34491424|A/blue_jay/IA/24-037140-001/2024|H5N1|USA-IA|Cerro_Gordo|2024-12-10|wild_avian|D1.1,Mississippi,Mississippi
708,31,0.140691451988073,-111.990372875657,32.3577179838545,-105.490113477163,33.8484763490186,0.372779057268748,0.232087605280675,2024.79919925839,2024.93989071038,SRR33508721|A/snow_goose/ID/24-037540-001/2024|H5N1|USA-ID|Canyon|2024-12-10|wild_avian|D1.1,Central,Pacific
1228,542,0.099503242626173,-93.1991132778275,36.2565399890596,-93.1644620916941,34.8565642799528,0.372779057268748,0.273275814642575,2024.84038746776,2024.93989071038,SRR36617433|A/snow_goose/IA/24-037657-004/2024|H5N1|USA-IA|Woodbury|2024-12-10|wild_avian|D1.1,Mississippi,Mississippi
712,29,0.0682887304066071,-110.780475321499,36.6642490551156,-112.71171221213,36.0721324979686,0.372779057268748,0.304490326862141,2024.87160197998,2024.93989071038,SRR36617816|A/red_tailed_hawk/CO/24-037418-001/2024|H5N1|USA-CO|Weld|2024-12-10|wild_avian|D1.1,Central,Central
817,129,0.0516431471612477,-98.1318252885856,31.0770969463387,-97.0636609880562,30.375796561372,0.372779057268748,0.3211359101075,2024.88824756322,2024.93989071038,SRR36617403|A/canada_goose/MN/24-038291-006/2024|H5N1|USA-MN|Ramsey|2024-12-10|wild_avian|D1.1,Mississippi,Mississippi
717,718,0.00861224034368679,-103.491978365066,40.5145699765618,-102.268343988379,40.0207700642426,0.372968874121815,0.364356633778128,2024.93146828689,2024.94008052724,NA,Mississippi,Mississippi
1233,552,0.212936314649108,-93.378285459612,39.4379377852426,-96.1954600357662,40.9350446635477,0.375511297705874,0.162574983056766,2024.72968663617,2024.94262295082,SRR36617233|A/mallard_duck/AR/24-037952-006/2024|H5N1|USA-AR|Prairie|2024-12-11|wild_avian|D1.1,Mississippi,Mississippi
1321,1322,0.0862998053667571,-101.828019426592,47.7836716463651,-102.329543992714,48.6080266665868,0.375556572997843,0.289256767631086,2024.85636842074,2024.94266822611,NA,Central,Central
977,985,0.0304985750355928,-80.3510486025477,38.1683929050574,-81.3959096445805,39.7921243619747,0.377195489978233,0.34669691494264,2024.91380856806,2024.94430714309,NA,Atlantic,Mississippi
1350,668,0.137699752161974,-114.699152022403,38.0924674877475,-113.894764373473,38.6783507082592,0.378243538143,0.240543785981026,2024.80765543909,2024.94535519126,SRR36617797|A/snow_goose/KS/24-038036-002/2024|H5N1|USA-KS|Mitchell|2024-12-12|wild_avian|D1.1,Central,Central
858,174,0.0801505544134797,-111.084045408066,40.2483196753358,-103.136039686656,47.1519267988557,0.378243538143,0.298092983729521,2024.86520463684,2024.94535519126,SRR36617408|A/bald_eagle/GA/24-038226-003/2024|H5N1|USA-GA|Glynn|2024-12-12|wild_avian|D1.1,Mississippi,Atlantic
737,738,0.0170638912172325,-75.5288562471443,40.5741845768508,-75.6854447123776,40.9315434619269,0.380243814188927,0.363179922971694,2024.93029157609,2024.9473554673,NA,Atlantic,Atlantic
1324,638,0.0513247704807103,-100.33353185616,46.2328294524793,-113.136878286725,37.1992310927541,0.380975778580126,0.329651008099416,2024.89676266121,2024.94808743169,SRR31885765|A/Guineafowl/AL/24-037980-001-original/2024|H5N1|USA-AL|Unknown|2024-12-13|domestic_avian|D1.1,Central,Mississippi
798,799,0.00201306254585165,-72.6575594161562,41.5331589699455,-72.8445681911179,42.0064367272423,0.382344826195939,0.380331763650087,2024.94744341676,2024.94945647931,NA,Atlantic,Atlantic
957,280,0.295148774105146,-118.142708457784,42.1640411680322,-103.390552026335,42.008070431633,0.383708019017253,0.0885592449121069,2024.65567089803,2024.95081967213,SRR36617585|A/canvasback_duck/WA/24-038667-005/2024|H5N1|USA-WA|Walla_Walla|2024-12-14|wild_avian|D1.1,Pacific,Pacific
1267,587,0.164743646421871,-105.911298715439,37.1042694365272,-89.5378118547005,44.9094671839503,0.383708019017253,0.218964372595382,2024.78607602571,2024.95081967213,SRR36617600|A/gadwall/TX/24-038543-056/2024|H5N1|USA-TX|Jefferson|2024-12-14|wild_avian|D1.1,Pacific,Central
911,226,0.0188484971837686,-81.980689345815,39.1748078553409,-79.8690893299405,37.0554656549629,0.383708019017253,0.364859521833484,2024.93197117495,2024.95081967213,SRR36617800|A/canada_goose/OH/24-038006-001/2024|H5N1|USA-OH|Mercer|2024-12-14|wild_avian|D1.1,Mississippi,Mississippi
1351,669,0.0129648281165513,-115.318245912889,33.7593583818137,-109.183032625244,32.7844495560311,0.383708019017253,0.370743190900701,2024.93785484401,2024.95081967213,SRR36617765|A/ring_necked_duck/KY/24-038721-028/2024|H5N1|USA-KY|Ballard|2024-12-14|wild_avian|D1.1,Central,Mississippi
976,302,0.158418688495743,-82.3649155568788,39.2246680679953,-84.978530459749,44.6992660747272,0.389172499891732,0.23075381139599,2024.79786546451,2024.95628415301,SRR36617384|A/snow_goose/NC/24-038497-002/2024|H5N1|USA-NC|Hyde|2024-12-16|wild_avian|D1.1,Atlantic,Atlantic
712,30,0.0846821730295915,-110.780475321499,36.6642490551156,-102.227138081909,42.9881233175257,0.389172499891732,0.304490326862141,2024.87160197998,2024.95628415301,SRR36617414|A/snow_goose/ID/24-038179-001/2024|H5N1|USA-ID|Owyhee|2024-12-16|wild_avian|D1.1,Central,Pacific
786,788,0.122682341947957,-90.875454547754,34.80183620443,-94.5663208553541,35.1884050235583,0.390629412918167,0.26794707097021,2024.83505872408,2024.95774106603,NA,Atlantic,Atlantic
1230,546,0.243165168426626,-97.671402467254,31.2792808648994,-118.587482120599,42.9147392989373,0.391904740328858,0.148739571902232,2024.71585122502,2024.95901639344,SRR36617967|A/gadwall/NV/24-039032-002/2024|H5N1|USA-NV|Elko|2024-12-17|wild_avian|D1.1,Mississippi,Pacific
938,257,0.232589316449737,-106.155507223623,41.1438730183621,-112.086002679004,43.6910473314518,0.391904740328858,0.159315423879121,2024.72642707699,2024.95901639344,SRR36617969|A/mallard_duck/NV/24-039032-001/2024|H5N1|USA-NV|Elko|2024-12-17|wild_avian|D1.1,Pacific,Pacific
1271,592,0.190396726545528,-116.850725784093,35.2088575405545,-118.3539427999,38.9352784727449,0.391904740328858,0.201508013783331,2024.7686196669,2024.95901639344,SRR36618001|A/Muscovy_duck/TX/24-038475-001/2024|H5N1|USA-TX|Harris|2024-12-17|wild_avian|D1.1,Central,Central
817,130,0.0707688302213583,-98.1318252885856,31.0770969463387,-97.2893405432072,30.936682079755,0.391904740328858,0.3211359101075,2024.88824756322,2024.95901639344,SRR36617307|A/canada_goose/WI/25-001449-006/2024|H5N1|USA-WI|St_Croix|2024-12-17|wild_avian|D1.1,Mississippi,Mississippi
904,224,0.221914899771481,-114.730503711209,42.5592114021416,-113.770573174336,41.6975301165481,0.394636980765985,0.172722080994504,2024.73983373411,2024.96174863388,SRR36617388|A/trumpeter_swan/IL/24-038496-001/2024|H5N1|USA-IL|Pike|2024-12-18|wild_avian|D1.1,Mississippi,Mississippi
1312,632,0.110944616356891,-112.29579897514,33.4665529972646,-121.337403250937,42.414736491206,0.394636980765985,0.283692364409093,2024.85080401752,2024.96174863388,SRR36617748|A/canada_goose/MO/24-038745-013/2024|H5N1|USA-MO|St_Charles|2024-12-18|wild_avian|D1.1,Central,Mississippi
1351,670,0.0238937898652833,-115.318245912889,33.7593583818137,-117.413745234413,34.9990253792638,0.394636980765985,0.370743190900701,2024.93785484401,2024.96174863388,SRR36617758|A/mallard_duck/MO/24-038745-003/2024|H5N1|USA-MO|Nodaway|2024-12-18|wild_avian|D1.1,Central,Mississippi
1093,1094,0.0393521251163015,-102.632977053589,37.9716187197492,-102.350911832656,37.446143555957,0.395801776196638,0.356449651080336,2024.92356130419,2024.96291342931,NA,Central,Central
692,24,0.285084893502272,-93.1194093000866,34.085195819511,-110.7284200613,45.3701505896297,0.397369221203111,0.112284327700839,2024.67939598081,2024.96448087432,SRR36617586|A/canada_goose/WY/24-038662-001/2024|H5N1|USA-WY|Big_Horn|2024-12-19|wild_avian|D1.1,Mississippi,Central
929,248,0.256505496667547,-108.473271592991,45.6922236664443,-75.3745304509111,42.3234046324974,0.397369221203111,0.140863724535564,2024.70797537765,2024.96448087432,SRR36617986|A/green_winged_teal/VA/24-038857-002/2024|H5N1|USA-VA|Virginia_Beach|2024-12-19|wild_avian|D1.1,Pacific,Atlantic
937,255,0.210958061819135,-108.543554991055,40.7040029296959,-112.113059711271,44.4884832875117,0.397369221203111,0.186411159383976,2024.7535228125,2024.96448087432,SRR36628748|A/mallard_duck/AZ/25-000743-025/2024|H5N1|USA-AZ|La_Paz|2024-12-19|wild_avian|D1.1,Pacific,Pacific
1012,331,0.134462387085795,-81.2857045379789,39.5937211904329,-80.9441710978128,39.8902696310681,0.397369221203111,0.262906834117316,2024.83001848723,2024.96448087432,SRR36617982|A/wood_duck/VA/24-038859-013/2024|H5N1|USA-VA|Henrico|2024-12-19|wild_avian|D1.1,Atlantic,Atlantic
724,40,0.0568638581303513,-106.583894506007,34.6882209546096,-98.6171763004688,41.6988405935234,0.397369221203111,0.340505363072759,2024.90761701619,2024.96448087432,SRR36617304|A/bald_eagle/GA/25-001590-001/2024|H5N1|USA-GA|Fulton|2024-12-19|wild_avian|D1.1,Mississippi,Atlantic
1273,591,0.0428174271752684,-103.435118312738,43.639963654587,-106.802208143611,42.1085825086089,0.397369221203111,0.354551794027842,2024.92166344714,2024.96448087432,SRR36617572|A/green_winged_teal/SC/25-000649-005/2024|H5N1|USA-SC|Charleston|2024-12-19|wild_avian|D1.1,Atlantic,Atlantic
926,246,0.248197021520517,-111.065701755933,44.5935432574682,-101.202726581293,39.3086185048898,0.400101461640237,0.15190444011972,2024.71901609323,2024.96721311475,SRR36617580|A/mallard_duck/WA/25-000523-001/2024|H5N1|USA-WA|Grant|2024-12-20|wild_avian|D1.1,Pacific,Pacific
735,49,0.128894060774953,-75.0165982991685,41.3810663578717,-76.8950797269777,40.22489324633,0.400101461640237,0.271207400865284,2024.83831905398,2024.96721311475,SRR36617989|A/cooper_s_hawk/NY/24-038846-001/2024|H5N1|USA-NY|Cayuga|2024-12-20|wild_avian|D1.1,Atlantic,Atlantic
703,23,0.118195438195277,-94.9619798991648,30.3243259874396,-84.6996910558245,30.4694655215555,0.400101461640237,0.28190602344496,2024.84901767656,2024.96721311475,SRR36617991|A/Peregrine_falcon/NY/24-038845-001/2024|H5N1|USA-NY|Cortland|2024-12-20|wild_avian|D1.1,Mississippi,Atlantic
778,779,0.0470320503672551,-71.0780841100379,43.0313590951121,-71.1269632060719,42.9912414921451,0.400982447961623,0.353950397594368,2024.92106205071,2024.96809410108,NA,Atlantic,Atlantic
1245,562,0.256902006956002,-106.658104242127,38.7808359573489,-118.141803818196,46.098520288887,0.402833702077363,0.145931695121362,2024.71304334824,2024.96994535519,SRR36628199|A/wild_goose/NE/24-038832-001/2024|H5N1|USA-NE|Douglas|2024-12-21|wild_avian|D1.1,Central,Central
1021,1022,0.0327970380405239,-101.684125913149,31.9440814696564,-106.299020116896,33.0899075378174,0.404888267630505,0.372091229589981,2024.9392028827,2024.97199992074,NA,Central,Central
1353,673,0.179726570082405,-111.201575753383,39.5841183697011,-108.131602057698,43.1841722123317,0.408298182951843,0.228571612869438,2024.79568326598,2024.97540983607,SRR36617878|A/western_gull/CA/25-004506-003/2024|H5N1|USA-CA|Monterey|2024-12-23|wild_avian|D1.1,Pacific,Pacific
947,948,0.242485309636606,-100.098836171897,41.5759709062753,-100.923872516512,34.2514342420482,0.408881427076489,0.166396117439883,2024.73350777055,2024.97599308019,NA,Central,Mississippi
1322,637,0.0354738503911259,-102.329543992714,48.6080266665868,-103.931809506381,48.8011658271891,0.411030423388969,0.375556572997843,2024.94266822611,2024.9781420765,SRR36617972|A/canada_goose/SD/24-038946-001/2024|H5N1|USA-SD|Union|2024-12-24|wild_avian|D1.1,Central,Central
860,862,0.0738385935434882,-109.400490405152,43.5285024241692,-111.775459374524,39.0243081965137,0.418941198785272,0.345102605241784,2024.91221425836,2024.9860528519,NA,Mississippi,Mississippi
1242,559,0.175651147255424,-118.51909870142,41.7930608455775,-120.565005821204,40.9474845906897,0.421959385137474,0.246308237882049,2024.813419891,2024.98907103825,SRR36617718|A/snow_goose/CO/25-000365-002/2024|H5N1|USA-CO|Pueblo|2024-12-28|wild_avian|D1.1,Central,Central
853,164,0.175219949130037,-104.963772099983,46.6029764512129,-104.996112629428,46.5089623902964,0.421959385137474,0.246739436007437,2024.81385108912,2024.98907103825,SRR36617711|A/american_wigeon/SC/25-000504-002/2024|H5N1|USA-SC|Colleton|2024-12-28|wild_avian|D1.1,Atlantic,Atlantic
985,300,0.0447638951592408,-81.3959096445805,39.7921243619747,-75.5442975517883,39.7279662936509,0.421959385137474,0.377195489978233,2024.94430714309,2024.98907103825,SRR36617328|A/snow_goose/NC/25-001068-002/2024|H5N1|USA-NC|Hyde|2024-12-28|wild_avian|D1.1,Mississippi,Atlantic
915,236,0.270031456870683,-104.45830124747,47.159808172415,-105.902752442388,45.106771568045,0.427423866011953,0.157392409141271,2024.72450406226,2024.99453551913,SRR36617726|A/canada_goose/OH/25-000228-002/2024|H5N1|USA-OH|Stark|2024-12-30|wild_avian|D1.1,Atlantic,Mississippi
1312,633,0.14373150160286,-112.29579897514,33.4665529972646,-97.1710991862596,37.7170853183367,0.427423866011953,0.283692364409093,2024.85080401752,2024.99453551913,SRR36617313|A/snow_goose/TN/25-001379-007/2024|H5N1|USA-TN|Humphreys|2024-12-30|wild_avian|D1.1,Central,Mississippi
739,54,0.0795645341265108,-75.6427422740172,39.9021987820059,-75.7412395272968,39.8232419765459,0.427423866011953,0.347859331885443,2024.914970985,2024.99453551913,SRR36628766|A/lesser_snow_goose/PA/25-000167-005/2024|H5N1|USA-PA|Northampton|2024-12-30|wild_avian|D1.1,Atlantic,Atlantic
758,74,0.0573777887086424,-90.4867280976898,36.3773873622018,-89.4645629265967,36.6714970702311,0.427423866011953,0.370046077303311,2024.93715773042,2024.99453551913,SRR36617737|A/lesser_snow_goose/PA/25-000169-003/2024|H5N1|USA-PA|Lehigh|2024-12-30|wild_avian|D1.1,Atlantic,Atlantic
848,161,0.165611641156308,-116.654103067524,38.9178313003507,-117.304582992515,37.2203119170725,0.43015610644908,0.264544465292772,2024.83165611841,2024.99726775956,SRR32006892|A/chicken/WV/25-000049-006-original/2024|H5N1|USA-WV|Unknown|2024-12-31|domestic_avian|D1.1,Mississippi,Atlantic
805,121,0.0767914459444126,-76.7635938316604,42.6628876404335,-75.0968963370455,40.7205420764247,0.43015610644908,0.353364660504667,2024.92047631362,2024.99726775956,SRR36617325|A/snow_goose/MA/25-001222-002/2024|H5N1|USA-MA|Dorchester|2024-12-31|wild_avian|D1.1,Atlantic,Atlantic
738,52,0.0499122922601526,-75.6854447123776,40.9315434619269,-75.667722261778,38.7303308141848,0.43015610644908,0.380243814188927,2024.9473554673,2024.99726775956,SRR36617326|A/snow_goose/MA/25-001222-001/2024|H5N1|USA-MA|Dorchester|2024-12-31|wild_avian|D1.1,Atlantic,Atlantic
947,268,0.26923195547368,-100.098836171897,41.5759709062753,-89.1050079787326,40.7938377312385,0.435628072913563,0.166396117439883,2024.73350777055,2025.00273972603,SRR32416368|A/Canada_Goose/TN/25-003129-001-original/2025|H5N1|USA-TN|Unknown|2025-01-02|wild_avian|D1.1,Central,Mississippi
832,147,0.26847883886069,-115.107076104778,41.5799717996395,-117.856037707506,46.0209806007093,0.435628072913563,0.167149234052873,2024.73426088717,2025.00273972603,SRR32226683|A/Canada_Goose/IL/25-000616-010/2025|H5N1|USA-IL|Cook|2025-01-02|wild_avian|D1.1,Mississippi,Mississippi
833,145,0.241906367885361,-115.887613171377,41.5577541304422,-114.054615815449,42.337803798347,0.435628072913563,0.193721705028202,2024.76083335814,2025.00273972603,SRR32254443|A/snow_goose/AL/25-001388-002/2025|H5N1|USA-AL|Limestone|2025-01-02|wild_avian|D1.1,Mississippi,Mississippi
1007,324,0.185375713413529,-83.0311935316616,39.5321695986624,-83.0899148793773,39.5243719846248,0.435628072913563,0.250252359500034,2024.81736401261,2025.00273972603,SRR32868825|A/Canada_Goose/WV/25-001893-003-original/2025|H5N1|USA-WV|Unknown|2025-01-02|wild_avian|D1.1,Atlantic,Atlantic
1010,327,0.165291614197548,-84.0960610650098,39.5926141682857,-78.7772346889904,39.8692323289289,0.435628072913563,0.270336458716015,2024.83744811183,2025.00273972603,SRR32254425|A/bald_eagle/SC/25-000782-001/2025|H5N1|USA-SC|Charleston|2025-01-02|wild_avian|D1.1,Atlantic,Atlantic
1226,539,0.129104734765565,-83.7843049876049,41.400721222963,-82.4786840802857,38.2710930586278,0.435628072913563,0.306523338147998,2024.87363499126,2025.00273972603,SRR32226691|A/Canada_Goose/IL/25-000616-002/2025|H5N1|USA-IL|Cook|2025-01-02|wild_avian|D1.1,Mississippi,Mississippi
1327,643,0.087983680634055,-94.7879664562669,43.8519721677256,-88.2848218017565,37.2444125636224,0.435628072913563,0.347644392279508,2024.91475604539,2025.00273972603,SRR36617578|A/red_tailed_hawk/IA/25-000527-002/2024|H5N1|USA-IA|Polk|2025-01-02|wild_avian|D1.1,Central,Mississippi
787,101,0.0692702179726493,-88.5995698329186,36.4944251253397,-91.2127926237223,41.3553982617236,0.435628072913563,0.366357854940914,2024.93346950805,2025.00273972603,SRR32254418|A/canada_goose/RI/25-001721-001/2025|H5N1|USA-RI|Newport|2025-01-02|wild_avian|D1.1,Atlantic,Atlantic
738,51,0.0553842587246361,-75.6854447123776,40.9315434619269,-75.59491844911,41.0859342222348,0.435628072913563,0.380243814188927,2024.9473554673,2025.00273972603,SRR32254446|A/red_tailed_hawk/PA/25-001322-001/2025|H5N1|USA-PA|Northampton|2025-01-02|wild_avian|D1.1,Atlantic,Atlantic
1250,567,0.259216682116621,-101.770530116126,39.2286837432371,-99.400312998241,30.9123323031715,0.43836779894092,0.1791511168243,2024.74626276994,2025.00547945205,SRR32254439|A/snow_goose/NM/25-001448-001/2025|H5N1|USA-NM|Socorro|2025-01-03|wild_avian|D1.1,Central,Central
739,53,0.0905084670554779,-75.6427422740172,39.9021987820059,-75.9694299410798,39.1030348205348,0.43836779894092,0.347859331885443,2024.914970985,2025.00547945205,SRR32254501|A/snow_goose/NJ/25-000806-001/2025|H5N1|USA-NJ|Morris|2025-01-03|wild_avian|D1.1,Atlantic,Atlantic
1311,631,0.286610919003477,-110.404976013715,34.0818935901287,-99.6232863313269,39.870553049576,0.443847250995863,0.157236331992386,2024.72434798511,2025.01095890411,SRR32226692|A/Great_Horned_Owl/IA/25-000440-001/2025|H5N1|USA-IA|Polk|2025-01-05|wild_avian|D1.1,Central,Mississippi
1279,598,0.183843397054926,-103.658662757387,35.6523463174553,-103.088099447285,38.7486114706796,0.443847250995863,0.260003853940936,2024.82711550705,2025.01095890411,SRR32125546|A/chicken/OR/25-000540-001-original/2025|H5N1|USA-OR|Unknown|2025-01-05|domestic_avian|D1.1,Pacific,Pacific
777,93,0.133865283704017,-71.6492734065092,43.2570416889103,-71.3805368887623,44.0556511995574,0.443847250995863,0.309981967291846,2024.87709362041,2025.01095890411,SRR32512599|A/canada_goose/ME/25-003295-001/2025|H5N1|USA-ME|York|2025-01-05|wild_avian|D1.1,Atlantic,Atlantic
737,50,0.0806673280241682,-75.5288562471443,40.5741845768508,-75.5636881068011,40.4431153196987,0.443847250995863,0.363179922971694,2024.93029157609,2025.01095890411,SRR32254496|A/snow_goose/NJ/25-000810-002/2025|H5N1|USA-NJ|Warren|2025-01-05|wild_avian|D1.1,Atlantic,Atlantic
1324,1325,0.116410399352299,-100.33353185616,46.2328294524793,-100.451585780753,46.1548309123723,0.446061407451715,0.329651008099416,2024.89676266121,2025.01317306057,NA,Central,Central
781,99,0.288113820577004,-93.1034475246059,35.009155076005,-93.5555413306231,35.8891214345107,0.44658697702322,0.158473156446216,2024.72558480956,2025.01369863014,SRR32254487|A/canada_goose/NY/25-000858-002/2025|H5N1|USA-NY|Saratoga|2025-01-06|wild_avian|D1.1,Atlantic,Atlantic
1310,628,0.234045835320057,-107.846076560927,41.7500770334812,-108.834933857969,41.804504389269,0.44658697702322,0.212541141703163,2024.77965279482,2025.01369863014,SRR32254472|A/red_tailed_hawk/ID/25-001246-001/2025|H5N1|USA-ID|Unknown|2025-01-06|wild_avian|D1.1,Pacific,Pacific
853,163,0.199847541015783,-104.963772099983,46.6029764512129,-100.503654475964,48.7722351502073,0.44658697702322,0.246739436007437,2024.81385108912,2025.01369863014,SRR32125549|A/chicken/GA/25-000538-001-original/2025|H5N1|USA-GA|Unknown|2025-01-06|domestic_avian|D1.1,Atlantic,Atlantic
821,135,0.101862158732571,-101.197531839591,30.9775294848119,-97.0672875583024,30.5568464312834,0.44658697702322,0.344724818290649,2024.9118364714,2025.01369863014,SRR32254451|A/red_tailed_hawk/WI/25-001295-001/2025|H5N1|USA-WI|Columbia|2025-01-06|wild_avian|D1.1,Mississippi,Mississippi
711,27,0.0925317152205689,-107.604634053034,35.1964510247573,-108.377330609508,37.4185047848296,0.44658697702322,0.354055261802651,2024.92116691492,2025.01369863014,SRR32125547|A/chicken/ID/25-000539-001-original/2025|H5N1|USA-ID|Unknown|2025-01-06|domestic_avian|D1.1,Pacific,Pacific
1344,663,0.230849306286011,-112.993096377092,43.3933693672726,-109.323823152238,47.6535003589763,0.449326703050577,0.218477396764566,2024.78558904988,2025.01643835616,SRR32416436|A/mallard/LA/25-001905-003/2025|H5N1|USA-LA|Richland|2025-01-07|wild_avian|D1.1,Central,Mississippi
1022,337,0.0444384354200729,-106.299020116896,33.0899075378174,-105.265849601733,34.197671438731,0.449326703050577,0.404888267630505,2024.97199992074,2025.01643835616,SRR32254489|A/cackling_goose/CO/25-000848-001/2025|H5N1|USA-CO|Weld|2025-01-07|wild_avian|D1.1,Central,Central
960,281,0.238557430490496,-111.48039496235,37.256890208581,-115.55968829666,42.0472779026306,0.452066429077935,0.213508998587438,2024.7806206517,2025.01917808219,SRR33508711|A/barn_owl/AZ/25-000514-002/2025|H5N1|USA-AZ|Maricopa|2025-01-08|wild_avian|D1.1,Pacific,Pacific
1215,529,0.227950040984102,-91.4127071864409,35.7983562929781,-105.676362044866,40.1824665726026,0.452066429077935,0.224116388093833,2024.79122804121,2025.01917808219,SRR32512601|A/american_wigeon/AZ/25-004049-003/2025|H5N1|USA-AZ|Mohave|2025-01-08|wild_avian|D1.1,Central,Pacific
940,258,0.208275319357509,-111.259926508408,33.0511801484592,-97.5304475192443,33.2661111095626,0.454806155105292,0.246530835747784,2024.81364248886,2025.02191780822,SRR32254417|A/bald_eagle/AL/25-001791-001/2025|H5N1|USA-AL|Baldwin|2025-01-09|wild_avian|D1.1,Central,Mississippi
1280,1281,0.301085561275045,-105.127102883304,41.2952291052005,-114.380549013091,40.0787448536937,0.454827120890136,0.15374155961509,2024.72085321273,2025.021938774,NA,Pacific,Pacific
1085,1086,0.0971061122081186,-105.957060526157,36.3243194927364,-105.906618972661,36.3377982904817,0.455041616814823,0.357935504606705,2024.92504715772,2025.02215326993,NA,Central,Central
1308,626,0.330232064274024,-104.580280674278,36.6603062062497,-85.5771555322225,43.9902409696361,0.463025333187592,0.132793268913568,2024.69990492203,2025.0301369863,SRR33029793|A/Trumpeter_Swan/MN/25-002569-001-original/2025|H5N1|USA-MN|Unknown|2025-01-12|wild_avian|D1.1,Pacific,Mississippi
1197,1198,0.11071516054551,-108.058800753007,41.976348797559,-105.055431547333,39.101461235838,0.465136193054185,0.354421032508675,2024.92153268562,2025.03224784617,NA,Central,Central
922,239,0.322327579546791,-107.511649806889,37.5039438118219,-84.6268992381549,40.4622582773127,0.465765059214949,0.143437479668158,2024.71054913278,2025.03287671233,SRR32416354|A/American_Woodcock/AR/25-003125-001-original/2025|H5N1|USA-AR|Unknown|2025-01-13|wild_avian|D1.1,Pacific,Mississippi
742,59,0.195867646648618,-91.1841988366635,33.043320286936,-86.9594414749166,32.4047226361125,0.465765059214949,0.269897412566331,2024.83700906568,2025.03287671233,SRR32254424|A/mallard/VT/25-001682-021/2025|H5N1|USA-VT|Grand_Isle|2025-01-13|wild_avian|D1.1,Atlantic,Atlantic
804,123,0.116540950237455,-75.7723772969227,41.6607244024007,-77.8367039381189,40.2826886431657,0.465765059214949,0.349224108977494,2024.91633576209,2025.03287671233,SRR32254429|A/snow_goose/NY/25-001673-001/2025|H5N1|USA-NY|Ontario|2025-01-13|wild_avian|D1.1,Atlantic,Atlantic
787,102,0.0994072042740354,-88.5995698329186,36.4944251253397,-86.4066825603688,33.1068234426177,0.465765059214949,0.366357854940914,2024.93346950805,2025.03287671233,SRR32254427|A/mallard/VT/25-001682-012/2025|H5N1|USA-VT|Grand_Isle|2025-01-13|wild_avian|D1.1,Atlantic,Atlantic
845,157,0.285499116265806,-108.733277782043,45.6931013917853,-123.93693522361,42.8448930542117,0.468504785242307,0.1830056689765,2024.75011732209,2025.03561643836,SRR33508814|A/lesser_scaup/FL/25-003912-002/2025|H5N1|USA-FL|Indian_River|2025-01-14|wild_avian|D1.1,Mississippi,Atlantic
1348,664,0.282076209113201,-114.718679061124,39.8070010583642,-113.141634627126,45.0618839519904,0.471244511269664,0.189168302156463,2024.75627995527,2025.03835616438,SRR32416380|A/Wood_Duck/MS/25-002206-001-original/2025|H5N1|USA-MS|Unknown|2025-01-15|wild_avian|D1.1,Mississippi,Mississippi
970,289,0.369064866827929,-106.710919555719,36.9861886119979,-121.001461124559,40.8634928104861,0.473984237297249,0.104919370469319,2024.67203102358,2025.04109589041,SRR32653596|A/Weasel/WA/25-002912-001-original-repeat2/2025|H5N1|USA-WA|Unknown|2025-01-16|other_mammal|D1.1,Pacific,Pacific
1349,667,0.244918665332734,-111.784822039365,37.8081194670705,-104.877054148733,33.6188293895066,0.473984237297249,0.229065571964515,2024.79617722508,2025.04109589041,SRR32513187|A/great_horned_owl/WY/25-002742-001/2025|H5N1|USA-WY|Goshen|2025-01-16|wild_avian|D1.1,Central,Central
795,114,0.126863915694477,-91.3217463975,33.8855568996139,-91.2515932561847,33.7240093253725,0.473984237297249,0.347120321602772,2024.91423197472,2025.04109589041,SRR32513297|A/red_tailed_hawk/PA/25-003148-002/2025|H5N1|USA-PA|Lehigh|2025-01-16|wild_avian|D1.1,Atlantic,Atlantic
1325,639,0.0279228298455336,-100.451585780753,46.1548309123723,-100.306117856981,46.204714182369,0.473984237297249,0.446061407451715,2025.01317306057,2025.04109589041,SRR32254412|A/cat/SD/25-002248-001/2025|H5N1|USA-SD|Faulk|2025-01-16|feline|D1.1,Central,Central
1325,640,0.0279228298455336,-100.451585780753,46.1548309123723,-100.425927185787,46.172510642644,0.473984237297249,0.446061407451715,2025.01317306057,2025.04109589041,SRR32254411|A/cat/SD/25-002248-002/2025|H5N1|USA-SD|Faulk|2025-01-16|feline|D1.1,Central,Central
718,719,0.101391005277352,-102.268343988379,40.0207700642426,-95.5365719694743,42.7358427925432,0.474359879399167,0.372968874121815,2024.94008052724,2025.04147153251,NA,Mississippi,Mississippi
1299,1300,0.125888892369391,-99.6504583765572,35.8049740488617,-106.106694263368,34.9789564487514,0.474920146415726,0.349031254046335,2024.91614290716,2025.04203179953,NA,Pacific,Pacific
742,743,0.205148025246283,-91.1841988366635,33.043320286936,-90.2723323365161,30.7911499994492,0.475045437812613,0.269897412566331,2024.83700906568,2025.04215709093,NA,Atlantic,Atlantic
719,721,0.00162936629583577,-95.5365719694743,42.7358427925432,-96.7454948958346,42.8424660955623,0.475989245695003,0.474359879399167,2025.04147153251,2025.04310089881,NA,Mississippi,Mississippi
788,103,0.086094550406439,-94.5663208553541,35.1884050235583,-94.6557054759903,35.4744915500762,0.476723963324606,0.390629412918167,2024.95774106603,2025.04383561644,SRR32513176|A/mallard/NH/25-003045-054/2025|H5N1|USA-NH|Merrimack|2025-01-17|wild_avian|D1.1,Atlantic,Atlantic
788,104,0.086094550406439,-94.5663208553541,35.1884050235583,-94.38686014094,35.1434840074091,0.476723963324606,0.390629412918167,2024.95774106603,2025.04383561644,SRR32416416|A/mallard/NH/25-003045-041/2025|H5N1|USA-NH|Merrimack|2025-01-17|wild_avian|D1.1,Atlantic,Atlantic
1208,1209,0.287363787833867,-91.7036350240764,30.0896394912646,-93.2926419903525,34.0885981150577,0.476892989621051,0.189529201787184,2024.7566408549,2025.04400464273,NA,Central,Central
941,260,0.278769805650891,-114.758345088859,37.2293397680113,-117.098191733858,37.0942263224245,0.479463689351963,0.200693883701072,2024.76780553681,2025.04657534247,SRR32513271|A/great_horned_owl/NM/25-002820-001/2025|H5N1|USA-NM|Chaves|2025-01-18|wild_avian|D1.1,Central,Central
896,897,0.240979041949015,-119.838690684795,48.301500992864,-122.515242991945,47.8473161498418,0.481465656834565,0.24048661488555,2024.807598268,2025.04857730995,NA,Mississippi,Mississippi
793,110,0.0730639192438074,-71.636076041089,41.8235307681085,-71.8210445090874,41.6368686090907,0.482203415379321,0.409139496135513,2024.97625114925,2025.04931506849,SRR33319045|A/hooded_merganser/RI/25-007119-005/2025|H5N1|USA-RI|Washington|2025-01-19|wild_avian|D1.1,Atlantic,Atlantic
721,722,0.00683914237703565,-96.7454948958346,42.8424660955623,-96.5678777359905,42.8715198777982,0.482828388072038,0.475989245695003,2025.04310089881,2025.04994004119,NA,Mississippi,Mississippi
696,697,0.125839977941988,-92.554732177468,35.6741835019774,-91.6930841627657,34.8415605101684,0.48385658155343,0.358016603611442,2024.92512825673,2025.05096823467,NA,Atlantic,Atlantic
1086,1087,0.0294153904305245,-105.906618972661,36.3377982904817,-106.308600227807,36.9506801580164,0.484457007245348,0.455041616814823,2025.02215326993,2025.05156866036,NA,Central,Central
1281,1282,0.0300146927472366,-114.380549013091,40.0787448536937,-114.819004495902,40.2619348856484,0.484841813637372,0.454827120890136,2025.021938774,2025.05195346675,NA,Pacific,Pacific
955,277,0.262967250447026,-103.190405153361,40.3955880745763,-106.396135105996,35.2362069234075,0.487682867434263,0.224715616987237,2024.7918272701,2025.05479452055,SRR33125070|A/Great_Horned_Owl/MT/25-006102-001-original/2025|H5N1|USA-MT|Unknown|2025-01-21|wild_avian|D1.1,Central,Pacific
1279,597,0.227679013493327,-103.658662757387,35.6523463174553,-105.196816608552,31.9660943851322,0.487682867434263,0.260003853940936,2024.82711550705,2025.05479452055,SRR32254304|A/cattle/NV/25-002645-003-original/2025|H5N1|USA-NV|Unknown|2025-01-21|cattle|D1.1,Pacific,Pacific
717,32,0.123326233656135,-103.491978365066,40.5145699765618,-106.826400057776,42.1872265944489,0.487682867434263,0.364356633778128,2024.93146828689,2025.05479452055,SRR34980358|A/bald_eagle/WI/25-021326-002/2025|H5N1|USA-WI|Door|2025-01-21|wild_avian|D1.1,Mississippi,Mississippi
779,780,0.0872221228172909,-71.1269632060719,42.9912414921451,-71.1721849022837,42.7077853233853,0.488204570778914,0.400982447961623,2024.96809410108,2025.05531622389,NA,Atlantic,Atlantic
721,723,0.0127813773764093,-96.7454948958346,42.8424660955623,-97.1249846651039,43.5393367217989,0.488770623071412,0.475989245695003,2025.04310089881,2025.05588227619,NA,Mississippi,Mississippi
935,253,0.345694669134541,-110.288083817971,48.6591618629031,-103.65341365753,46.0607385584855,0.49042259346162,0.144727924327079,2024.71183957744,2025.05753424658,GenBank|A/chicken/WA/W250220054-7/2025|H5N1|USA-WA|Unknown|2025-01-22|domestic_avian|D1.1,Pacific,Pacific
899,214,0.238273752142242,-118.121231838767,46.5793449529166,-123.652470895815,40.7364270811138,0.49042259346162,0.252148841319378,2024.81926049443,2025.05753424658,SRR32416465|A/bald_eagle/OK/25-003111-001/2025|H5N1|USA-OK|Le_Flore|2025-01-22|wild_avian|D1.1,Mississippi,Central
1217,531,0.154785453596636,-99.1528331109469,37.0738331715608,-99.7969683020068,38.5704189840822,0.49042259346162,0.335637139864985,2024.90274879298,2025.05753424658,SRR32512591|A/canada_goose/KY/25-004132-002/2025|H5N1|USA-KY|Kenton|2025-01-22|wild_avian|D1.1,Mississippi,Mississippi
897,209,0.00895693662705588,-122.515242991945,47.8473161498418,-121.961318752963,46.9164899751163,0.49042259346162,0.481465656834565,2025.04857730995,2025.05753424658,SRR33029806|A/raccoon/KY/25-006499-002/2025|H5N1|USA-KY|Boone|2025-01-22|other_mammal|D1.1,Mississippi,Mississippi
733,48,0.292902770833363,-74.6744705587642,41.5997012990801,-76.4039679415069,41.4888546999138,0.493162319488978,0.200259548655615,2024.76737120177,2025.0602739726,SRR32512673|A/american_black_duck/CT/25-003143-002/2025|H5N1|USA-CT|New_Haven|2025-01-23|wild_avian|D1.1,Atlantic,Atlantic
916,234,0.170360507261519,-94.9796575907372,42.1897549878771,-98.7796761831845,38.8373728762526,0.493162319488978,0.322801812227459,2024.88991346534,2025.0602739726,SRR32654188|A/Turkey/NE/25-002670-003-original/2025|H5N1|USA-NE|Unknown|2025-01-23|domestic_avian|D1.1,Mississippi,Central
779,96,0.0921798715273549,-71.1269632060719,42.9912414921451,-70.9597089053326,42.6118318117863,0.493162319488978,0.400982447961623,2024.96809410108,2025.0602739726,SRR32512597|A/canada_goose/ME/25-003295-004/2025|H5N1|USA-ME|York|2025-01-23|wild_avian|D1.1,Atlantic,Atlantic
1299,623,0.146870791470001,-99.6504583765572,35.8049740488617,-95.6979880544205,42.0773087793565,0.495902045516335,0.349031254046335,2024.91614290716,2025.06301369863,SRR33125090|A/western_gull/CA/25-004499-005/2025|H5N1|USA-CA|San_Mateo|2025-01-24|wild_avian|D1.1,Pacific,Pacific
973,291,0.299967045945336,-85.0072586093194,41.1693037401825,-93.3720628470834,44.3980927053048,0.498641771543693,0.198674725598357,2024.76578637871,2025.06575342466,SRR32513216|A/wood_duck/NC/25-003927-016/2025|H5N1|USA-NC|Tyrrell|2025-01-25|wild_avian|D1.1,Mississippi,Atlantic
974,322,0.295973780627462,-85.1104162100586,41.117522234876,-87.9690682676379,32.5262312891582,0.498641771543693,0.20266799091623,2024.76977964403,2025.06575342466,SRR32513217|A/wood_duck/NC/25-003923-002/2025|H5N1|USA-NC|Hyde|2025-01-25|wild_avian|D1.1,Mississippi,Atlantic
1329,645,0.279186965109384,-112.87465088121,48.4302814347197,-101.625646863862,39.0451270525435,0.498641771543693,0.219454806434308,2024.78656645955,2025.06575342466,SRR32654185|A/chicken/IN/25-002875-001-original/2025|H5N1|USA-IN|Unknown|2025-01-25|domestic_avian|D1.1,Central,Mississippi
986,321,0.215759190320808,-84.6165065883597,43.7088724861677,-84.4777549702731,43.9211366920231,0.498641771543693,0.282882581222884,2024.84999423434,2025.06575342466,SRR32654186|A/chicken/DE/25-002825-001-original/2025|H5N1|USA-DE|Unknown|2025-01-25|domestic_avian|D1.1,Atlantic,Atlantic
719,720,0.0274482867622072,-95.5365719694743,42.7358427925432,-94.8431972366699,40.1190086716791,0.501808166161374,0.474359879399167,2025.04147153251,2025.06891981928,NA,Mississippi,Mississippi
1294,614,0.268858799872853,-82.270429407258,31.9447618503796,-95.5751331882792,31.6072426308409,0.504121223598635,0.235262423725782,2024.80237407684,2025.07123287671,SRR32416454|A/bald_eagle/FL/25-003208-001/2025|H5N1|USA-FL|Lee|2025-01-27|wild_avian|D1.1,Mississippi,Atlantic
1320,634,0.254761669681711,-105.881643232239,48.4991238731558,-106.094585669901,42.4746809099538,0.504121223598635,0.249359553916924,2024.81647120703,2025.07123287671,SRR32512607|A/canada_goose/CO/25-003832-001/2025|H5N1|USA-CO|Chaffee|2025-01-27|wild_avian|D1.1,Central,Central
1195,511,0.245212214297185,-102.811360863673,35.4101660762481,-97.1475500137929,33.6321704011229,0.504121223598635,0.25890900930145,2024.82602066242,2025.07123287671,SRR32416347|A/canada_goose/ND/25-003472-002/2025|H5N1|USA-ND|Oliver|2025-01-27|wild_avian|D1.1,Central,Central
848,160,0.239576758305863,-116.654103067524,38.9178313003507,-109.993340515147,31.7250189007248,0.504121223598635,0.264544465292772,2024.83165611841,2025.07123287671,SRR32513218|A/vulture/LA/25-003600-001/2025|H5N1|USA-LA|Orleans|2025-01-27|wild_avian|D1.1,Mississippi,Mississippi
1322,636,0.128564650600792,-102.329543992714,48.6080266665868,-102.306197387432,48.9142058097436,0.504121223598635,0.375556572997843,2024.94266822611,2025.07123287671,SRR32654124|A/Guineafowl/NE/25-003247-003-original/2025|H5N1|USA-NE|Unknown|2025-01-27|domestic_avian|D1.1,Central,Central
1300,1301,0.0301527925013435,-106.106694263368,34.9789564487514,-106.115284146613,34.9139254260375,0.505072938917069,0.474920146415726,2025.04203179953,2025.07218459203,NA,Pacific,Pacific
1095,1096,0.14625724356824,-102.373093433271,38.3972127958129,-114.720283580665,39.8762661277205,0.506676178862597,0.360418935294357,2024.92753058841,2025.07378783198,NA,Central,Pacific
908,223,0.242853107011308,-111.424565606538,44.223278477478,-107.446087799622,45.8772744099052,0.506860949625992,0.264007842614684,2024.83111949573,2025.07397260274,SRR33125126|A/Red-tailed_Hawk/MO/25-004415-009-original/2025|H5N1|USA-MO|Unknown|2025-01-28|wild_avian|D1.1,Mississippi,Mississippi
1219,538,0.143628989161965,-98.9517308627854,35.6909162383871,-100.766019984354,37.4369941396109,0.506860949625992,0.363231960464027,2024.93034361358,2025.07397260274,SRR32653672|A/Canada_Goose/WV/25-005199-001-original/2025|H5N1|USA-WV|Unknown|2025-01-28|wild_avian|D1.1,Mississippi,Atlantic
1209,1210,0.0304822191886681,-93.2926419903525,34.0885981150577,-93.7801343920694,34.8076826345146,0.50737520880972,0.476892989621051,2025.04400464273,2025.07448686192,NA,Central,Central
1004,332,0.35666009743266,-87.8401562155275,41.7136508535836,-90.1291472739839,42.015177729451,0.50960067565335,0.15294057822069,2024.72005223133,2025.07671232877,SRR32512666|A/canada_goose/MI/25-004311-003/2025|H5N1|USA-MI|Shiawassee|2025-01-29|wild_avian|D1.1,Mississippi,Mississippi
1340,656,0.287230424246633,-109.647485327514,45.8452690032371,-117.760377663147,46.0048467625288,0.50960067565335,0.222370251406716,2024.78948190452,2025.07671232877,SRR32513289|A/red_tailed_hawk/TX/25-003592-003/2025|H5N1|USA-TX|Lubbock|2025-01-29|wild_avian|D1.1,Central,Central
861,171,0.162459876251024,-109.422240946019,43.397020923979,-118.82007958482,43.5269110643221,0.50960067565335,0.347140799402326,2024.91425245252,2025.07671232877,SRR32804602|A/bald_eagle/OH/25-006046-002/2025|H5N1|USA-OH|Lorain|2025-01-29|wild_avian|D1.1,Mississippi,Mississippi
1200,516,0.148890664831846,-106.559055045912,44.5529722045342,-110.316859070677,40.3925109531038,0.50960067565335,0.360710010821503,2024.92782166394,2025.07671232877,SRR32512609|A/canada_goose/ND/25-003829-001/2025|H5N1|USA-ND|Mercer|2025-01-29|wild_avian|D1.1,Central,Central
1021,338,0.137509446063369,-101.684125913149,31.9440814696564,-92.4271747247546,36.8068186840712,0.50960067565335,0.372091229589981,2024.9392028827,2025.07671232877,SRR32512557|A/cackling_goose/TX/25-003592-001/2025|H5N1|USA-TX|Lubbock|2025-01-29|wild_avian|D1.1,Central,Central
798,118,0.129268912003262,-72.6575594161562,41.5331589699455,-72.6037158408932,41.7488385911902,0.50960067565335,0.380331763650087,2024.94744341676,2025.07671232877,SRR32512614|A/american_black_duck/CT/25-004298-002/2025|H5N1|USA-CT|New_Haven|2025-01-29|wild_avian|D1.1,Atlantic,Atlantic
1228,1229,0.236755930512869,-93.1991132778275,36.2565399890596,-98.227349481096,37.1670866399572,0.510031745155444,0.273275814642575,2024.84038746776,2025.07714339827,NA,Mississippi,Mississippi
905,906,0.299959737194018,-114.841911492268,42.9470198485355,-113.129028229855,47.6305785237913,0.512217489006575,0.212257751812557,2024.77936940493,2025.07932914212,NA,Mississippi,Mississippi
1236,553,0.353780751791089,-95.0935462479793,36.1298246755714,-98.2467259111128,37.5739908626993,0.512340401680707,0.158559649889618,2024.725671303,2025.07945205479,SRR32513192|A/hawk/WY/25-004351-001/2025|H5N1|USA-WY|Fremont|2025-01-30|wild_avian|D1.1,Central,Central
941,261,0.311646517979635,-114.758345088859,37.2293397680113,-104.953568285824,48.883751189515,0.512340401680707,0.200693883701072,2024.76780553681,2025.07945205479,SRR33508816|A/canada_goose/CA/25-003254-006/2025|H5N1|USA-CA|San_Luis_Obispo|2025-01-30|wild_avian|D1.1,Central,Pacific
896,211,0.271853786795157,-119.838690684795,48.301500992864,-115.523475247754,39.0665030682969,0.512340401680707,0.24048661488555,2024.807598268,2025.07945205479,SRR33125054|A/Mallard/MD/25-005882-005-original/2025|H5N1|USA-MD|Unknown|2025-01-30|wild_avian|D1.1,Mississippi,Atlantic
909,230,0.271329003055245,-119.094015211407,38.3195381024322,-109.772869432758,42.8043528259811,0.512340401680707,0.241011398625462,2024.80812305174,2025.07945205479,SRR32654208|A/chicken/MO/25-003398-001-original/2025|H5N1|USA-MO|Unknown|2025-01-30|domestic_avian|D1.1,Mississippi,Mississippi
1326,641,0.241130858921888,-96.0314506808032,43.7996101824735,-102.375637079548,44.3352839473144,0.512340401680707,0.271209542758819,2024.83832119587,2025.07945205479,SRR33682350|A/Bobcat/KS/25-014574-001-original/2025|H5N1|USA-KS|Unknown|2025-01-30|feline|D1.1,Central,Central
1011,329,0.209304341409889,-85.0974665408374,39.4455186926756,-88.5223374534706,36.7647057962116,0.512340401680707,0.303036060270818,2024.87014771338,2025.07945205479,SRR32513174|A/great_horned_owl/SC/25-004165-001/2025|H5N1|USA-SC|Charleston|2025-01-30|wild_avian|D1.1,Atlantic,Atlantic
765,766,0.106644930348232,-71.7632902324272,42.1132462607141,-71.7883646549562,42.2551048126858,0.512580001871247,0.405935071523015,2024.97304672464,2025.07969165499,NA,Atlantic,Atlantic
1260,1261,0.328801917193489,-105.403997936699,36.9910886314194,-99.995335161993,36.4324332864423,0.513600250066923,0.184798332873435,2024.75190998599,2025.08071190318,NA,Pacific,Pacific
1261,1262,0.00103851820894396,-99.995335161993,36.4324332864423,-99.7071162814091,36.3727370831331,0.514638768275867,0.513600250066923,2025.08071190318,2025.08175042139,NA,Pacific,Pacific
743,744,0.0400337027929107,-90.2723323365161,30.7911499994492,-90.0890020451277,30.8724460554959,0.515079140605524,0.475045437812613,2025.04215709093,2025.08219079372,NA,Atlantic,Atlantic
706,20,0.157034738682089,-95.8271215895471,39.3987814218359,-96.2549539113188,37.6867457038743,0.515080127708064,0.358045389025975,2024.92515704214,2025.08219178082,SRR32415153|A/chicken/MD/25-003830-002-original/2025|H5N1|USA-MD|Unknown|2025-01-31|domestic_avian|D1.1,Atlantic,Atlantic
1087,1091,0.0321008286380969,-106.308600227807,36.9506801580164,-107.700615255112,32.8922725780448,0.516557835883445,0.484457007245348,2025.05156866036,2025.083669489,NA,Central,Central
744,745,0.00400537898822628,-90.0890020451277,30.8724460554959,-90.6499279010939,31.7682005014189,0.51908451959375,0.515079140605524,2025.08219079372,2025.08619617271,NA,Atlantic,Atlantic
793,794,0.113573811093735,-71.636076041089,41.8235307681085,-71.8048043032313,41.6415537774932,0.522713307229248,0.409139496135513,2024.97625114925,2025.08982496034,NA,Atlantic,Atlantic
929,247,0.3824355812548,-108.473271592991,45.6922236664443,-97.6764616485939,39.8690590208859,0.523299305790364,0.140863724535564,2024.70797537765,2025.0904109589,SRR32512878|A/Duck/WA/25-004661-001-original/2025|H5N1|USA-WA|Unknown|2025-02-03|domestic_avian|D1.1,Pacific,Pacific
1280,604,0.369557746175274,-105.127102883304,41.2952291052005,-71.8710721056793,42.969625434375,0.523299305790364,0.15374155961509,2024.72085321273,2025.0904109589,SRR32653680|A/Canada_Goose/FL/25-004847-003-original/2025|H5N1|USA-FL|Unknown|2025-02-03|wild_avian|D1.1,Pacific,Atlantic
907,221,0.28719520848648,-113.005733973967,43.80296100603,-105.514250088197,37.3423747930482,0.523299305790364,0.236104097303884,2024.80321575042,2025.0904109589,SRR32415110|A/chicken/LA/25-004414-001-original/2025|H5N1|USA-LA|Unknown|2025-02-03|domestic_avian|D1.1,Mississippi,Mississippi
1247,565,0.245458224894393,-106.861860726057,43.7322586842143,-104.926307841044,41.4651157422211,0.523299305790364,0.277841080895971,2024.84495273401,2025.0904109589,SRR32512655|A/canada_goose/CO/25-004662-001/2025|H5N1|USA-CO|Larimer|2025-02-03|wild_avian|D1.1,Central,Central
757,73,0.171856940194216,-91.2701357571171,37.249850957424,-91.3723568346725,37.1860548561964,0.523299305790364,0.351442365596147,2024.91855401871,2025.0904109589,SRR32513235|A/snow_goose/NY/25-004092-002/2025|H5N1|USA-NY|Tompkins|2025-02-03|wild_avian|D1.1,Atlantic,Atlantic
723,39,0.0345286827189519,-97.1249846651039,43.5393367217989,-95.2848643628622,43.3576046848231,0.523299305790364,0.488770623071412,2025.05588227619,2025.0904109589,SRR33508795|A/red_breasted_merganser/WI/25-005001-001/2025|H5N1|USA-WI|Milwaukee|2025-02-03|wild_avian|D1.1,Mississippi,Mississippi
1262,578,0.00866053751449658,-99.7071162814091,36.3727370831331,-99.7105744801383,36.2574009527118,0.523299305790364,0.514638768275867,2025.08175042139,2025.0904109589,SRR32415932|A/cattle/AZ/25-004003-002-original/2025|H5N1|USA-AZ|Unknown|2025-02-03|cattle|D1.1,Pacific,Pacific
1262,579,0.00866053751449658,-99.7071162814091,36.3727370831331,-100.259632434158,35.9659603727347,0.523299305790364,0.514638768275867,2025.08175042139,2025.0904109589,SRR32415933|A/cattle/AZ/25-004003-001-original/2025|H5N1|USA-AZ|Unknown|2025-02-03|cattle|D1.1,Pacific,Pacific
867,868,0.341295618286628,-113.271784291116,43.818140031366,-108.593819726543,35.7919535369264,0.524237675555464,0.182942057268836,2024.75005371038,2025.09134932867,NA,Mississippi,Mississippi
952,273,0.29229791460975,-101.053903866068,42.5747114039213,-110.484114172465,40.2315893913219,0.526039031817721,0.233741117207971,2024.80085277032,2025.09315068493,SRR32512649|A/Common_goldeneye/WY/25-004669-001/2025|H5N1|USA-WY|Natrona|2025-02-04|wild_avian|D1.1,Central,Central
799,117,0.143694205621782,-72.8445681911179,42.0064367272423,-72.5345587901186,42.2020334004697,0.526039031817721,0.382344826195939,2024.94945647931,2025.09315068493,SRR33125072|A/Great_Horned_Owl/CT/25-005886-001-original/2025|H5N1|USA-CT|Unknown|2025-02-04|wild_avian|D1.1,Atlantic,Atlantic
689,8,0.488440380997605,-101.704705902308,42.5067386680366,-87.9657239964965,37.1882873336441,0.528778757845079,0.0403383768474741,2024.60745002996,2025.09589041096,SRR32653594|A/Red-tailed_Hawk/NV/25-005369-001-original/2025|H5N1|USA-NV|Unknown|2025-02-05|wild_avian|D1.1,Central,Pacific
865,180,0.259720728469687,-102.076476025804,40.8999333587478,-102.207748728344,36.7674605100567,0.528778757845079,0.269058029375392,2024.83616968249,2025.09589041096,SRR33508810|A/bufflehead/MI/25-004779-004/2025|H5N1|USA-MI|St_Clair|2025-02-05|wild_avian|D1.1,Mississippi,Mississippi
816,127,0.247291728202821,-97.2019565254707,28.8677287483754,-98.9335459966311,27.8594397389424,0.528778757845079,0.281487029642258,2024.84859868276,2025.09589041096,SRR32512646|A/cougar/WI/25-004744-001/2025|H5N1|USA-WI|Redacted|2025-02-05|feline|D1.1,Mississippi,Mississippi
862,173,0.109837559059807,-111.775459374524,39.0243081965137,-108.806648990426,37.3172520285334,0.528778757845079,0.418941198785272,2024.9860528519,2025.09589041096,SRR33508812|A/bald_eagle/MI/25-004779-002/2025|H5N1|USA-MI|Tuscola|2025-02-05|wild_avian|D1.1,Mississippi,Mississippi
1198,514,0.0636425647908938,-105.055431547333,39.101461235838,-105.174070880176,40.2424516991861,0.528778757845079,0.465136193054185,2025.03224784617,2025.09589041096,SRR32513282|A/red_tailed_hawk/CO/25-004838-001/2025|H5N1|USA-CO|Weld|2025-02-05|wild_avian|D1.1,Central,Central
1027,1028,0.189425616124374,-106.234378700429,37.9001748372423,-102.593525089538,38.9509970319045,0.5296781662228,0.340252550098426,2024.90736420321,2025.09678981934,NA,Central,Central
727,45,0.392956756036853,-102.709122996323,45.2265450563044,-110.815447695484,45.4144194793813,0.531518483872436,0.138561727835584,2024.70567338095,2025.09863013699,SRR32512905|A/chicken/SD/25-004736-001-original/2025|H5N1|USA-SD|Unknown|2025-02-06|domestic_avian|D1.1,Mississippi,Central
777,94,0.22153651658059,-71.6492734065092,43.2570416889103,-71.685467567519,43.0041795716514,0.531518483872436,0.309981967291846,2024.87709362041,2025.09863013699,SRR32653687|A/american_black_duck/NH/25-005332-016/2025|H5N1|USA-NH|Belknap|2025-02-06|wild_avian|D1.1,Atlantic,Atlantic
911,225,0.166658962038952,-81.980689345815,39.1748078553409,-81.7469298918762,38.773853803724,0.531518483872436,0.364859521833484,2024.93197117495,2025.09863013699,SRR32512588|A/bald_eagle/OH/25-004768-001/2025|H5N1|USA-OH|Unknown|2025-02-06|wild_avian|D1.1,Mississippi,Mississippi
723,38,0.0427478608010241,-97.1249846651039,43.5393367217989,-96.8206801354271,43.094706819701,0.531518483872436,0.488770623071412,2025.05588227619,2025.09863013699,SRR32653607|A/red_breasted_merganser/IL/25-005366-003/2025|H5N1|USA-IL|Cook|2025-02-06|wild_avian|D1.1,Mississippi,Mississippi
1012,330,0.271351375782477,-81.2857045379789,39.5937211904329,-81.3216684895037,35.6652555168013,0.534258209899793,0.262906834117316,2024.83001848723,2025.10136986301,SRR32974090|A/Canada_Goose/WV/25-005755-001-original-repeat2/2025|H5N1|USA-WV|Unknown|2025-02-07|wild_avian|D1.1,Atlantic,Atlantic
948,267,0.125376782823305,-100.923872516512,34.2514342420482,-95.7082483782248,32.8614948530482,0.534258209899793,0.408881427076489,2024.97599308019,2025.10136986301,SRR32653665|A/cat/KS/25-005576-002-original/2025|H5N1|USA-KS|Unknown|2025-02-07|feline|D1.1,Mississippi,Central
780,97,0.0460536391208796,-71.1721849022837,42.7077853233853,-71.3946873934794,42.4416848938513,0.534258209899793,0.488204570778914,2025.05531622389,2025.10136986301,SRR33125151|A/mallard/ME/25-006144-064/2025|H5N1|USA-ME|York|2025-02-07|wild_avian|D1.1,Atlantic,Atlantic
874,188,0.309528226415528,-114.521726718442,44.8757232515022,-115.43336073991,44.7713095492592,0.536997935927378,0.22746970951185,2024.79458136263,2025.10410958904,SRR33125079|A/Black_Vulture/TN/25-006120-003-original/2025|H5N1|USA-TN|Unknown|2025-02-08|wild_avian|D1.1,Mississippi,Mississippi
821,134,0.192273117636729,-101.197531839591,30.9775294848119,-91.3722570908354,32.3603691235157,0.536997935927378,0.344724818290649,2024.9118364714,2025.10410958904,SRR32512844|A/chicken/MN/25-004931-004-original/2025|H5N1|USA-MN|Unknown|2025-02-08|domestic_avian|D1.1,Mississippi,Mississippi
1268,586,0.314265279781122,-105.964394156191,37.1001843987283,-108.577733109083,41.9287086066568,0.542477387982093,0.228212108200971,2024.79532376131,2025.1095890411,SRR32653667|A/cat/NM/25-005387-001-original/2025|H5N1|USA-NM|Unknown|2025-02-10|feline|D1.1,Pacific,Central
759,76,0.298112575083397,-91.1213395450061,32.1009013671499,-92.0445717785582,35.432969795797,0.542477387982093,0.244364812898696,2024.81147646601,2025.1095890411,SRR32512885|A/chicken/DE/25-005230-002-original/2025|H5N1|USA-DE|Unknown|2025-02-10|domestic_avian|D1.1,Atlantic,Atlantic
901,216,0.287559119848198,-119.423079895866,46.9458947621455,-118.484360549609,42.585148086702,0.542477387982093,0.254918268133895,2024.82202992125,2025.1095890411,SRR33125081|A/Black_Vulture/GA/25-005756-004-original/2025|H5N1|USA-GA|Unknown|2025-02-10|wild_avian|D1.1,Mississippi,Atlantic
1211,525,0.362307211267291,-94.4831729446565,31.5990976290524,-96.7746520845959,48.5071212691158,0.54521711400945,0.18290990274216,2024.75002155586,2025.11232876712,SRR32804547|A/red_shouldered_hawk/PA/25-006939-001/2025|H5N1|USA-PA|Lancaster|2025-02-11|wild_avian|D1.1,Mississippi,Atlantic
901,217,0.290298845875556,-119.423079895866,46.9458947621455,-113.826446478487,43.9342624676525,0.54521711400945,0.254918268133895,2024.82202992125,2025.11232876712,SRR33125061|A/herring_gull/PA/25-005864-001/2025|H5N1|USA-PA|Erie|2025-02-11|wild_avian|D1.1,Mississippi,Atlantic
1327,642,0.197572721729942,-94.7879664562669,43.8519721677256,-98.6500856576613,42.0692641150584,0.54521711400945,0.347644392279508,2024.91475604539,2025.11232876712,SRR32973810|A/chicken/NE/25-005224-001-original-repeat2/2025|H5N1|USA-NE|Unknown|2025-02-11|domestic_avian|D1.1,Central,Central
796,112,0.175534242833357,-91.289070943424,33.2480707766019,-90.6246711781175,32.6977706576,0.54521711400945,0.369682871176094,2024.93679452429,2025.11232876712,SRR33125172|A/bald_eagle/NJ/25-006329-001/2025|H5N1|USA-NJ|Sussex|2025-02-11|wild_avian|D1.1,Atlantic,Atlantic
865,179,0.278898810661416,-102.076476025804,40.8999333587478,-96.7728851306481,37.2142917540322,0.547956840036808,0.269058029375392,2024.83616968249,2025.11506849315,SRR33125038|A/Canada_Goose/AL/25-006220-001-original/2025|H5N1|USA-AL|Unknown|2025-02-12|wild_avian|D1.1,Mississippi,Mississippi
897,210,0.0664911832022432,-122.515242991945,47.8473161498418,-122.238956608653,47.2109754638264,0.547956840036808,0.481465656834565,2025.04857730995,2025.11506849315,SRR33319056|A/Great_Horned_Owl/KY/25-006499-001-original-repeat/2025|H5N1|USA-KY|Unknown|2025-02-12|wild_avian|D1.1,Mississippi,Mississippi
781,100,0.392223409618176,-93.1034475246059,35.009155076005,-94.3852701675784,36.2762318326337,0.550696566064393,0.158473156446216,2024.72558480956,2025.11780821918,SRR32868681|A/canada_goose/RI/25-007119-019/2025|H5N1|USA-RI|Kent|2025-02-13|wild_avian|D1.1,Atlantic,Atlantic
778,95,0.196746168470025,-71.0780841100379,43.0313590951121,-70.9519016048706,43.1573447296075,0.550696566064393,0.353950397594368,2024.92106205071,2025.11780821918,SRR32804576|A/red_tailed_hawk/NH/25-006653-001/2025|H5N1|USA-NH|Strafford|2025-02-13|wild_avian|D1.1,Atlantic,Atlantic
1209,522,0.0738035764433411,-93.2926419903525,34.0885981150577,-97.4995108800437,34.7342247570026,0.550696566064393,0.476892989621051,2025.04400464273,2025.11780821918,SRR32804622|A/black_vulture/TX/25-006660-004/2025|H5N1|USA-TX|Bexar|2025-02-13|wild_avian|D1.1,Central,Central
1210,523,0.043321357254673,-93.7801343920694,34.8076826345146,-93.2387971122652,38.7674576748489,0.550696566064393,0.50737520880972,2025.07448686192,2025.11780821918,SRR32804616|A/black_vulture/TX/25-006661-005/2025|H5N1|USA-TX|Bexar|2025-02-13|wild_avian|D1.1,Central,Central
1340,657,0.331066040685034,-109.647485327514,45.8452690032371,-95.2100485645351,42.4302678669553,0.55343629209175,0.222370251406716,2024.78948190452,2025.12054794521,SRR32974108|A/Bald_Eagle/MT/25-009371-001-original/2025|H5N1|USA-MT|Unknown|2025-02-14|wild_avian|D1.1,Central,Pacific
705,21,0.196612741296675,-95.4555813440878,40.5448615288662,-97.5538641483901,41.1767852826014,0.55343629209175,0.356823550795075,2024.92393520391,2025.12054794521,SRR32868736|A/Peregrine_Falcon/VA/25-007709-003-original/2025|H5N1|USA-VA|Unknown|2025-02-14|wild_avian|D1.1,Atlantic,Atlantic
1022,336,0.148548024461245,-106.299020116896,33.0899075378174,-103.22608132387,31.2070420290986,0.55343629209175,0.404888267630505,2024.97199992074,2025.12054794521,SRR32804591|A/snow_goose/OK/25-006647-001/2025|H5N1|USA-OK|Texas|2025-02-14|wild_avian|D1.1,Central,Central
720,34,0.0516281259303758,-94.8431972366699,40.1190086716791,-94.0744430733612,37.3040992131509,0.55343629209175,0.501808166161374,2025.06891981928,2025.12054794521,SRR32868800|A/herring_gull/IL/25-007474-006/2025|H5N1|USA-IL|Cook|2025-02-14|wild_avian|D1.1,Mississippi,Mississippi
1210,524,0.0460610832820304,-93.7801343920694,34.8076826345146,-90.5282569331033,32.7400238447461,0.55343629209175,0.50737520880972,2025.07448686192,2025.12054794521,SRR32804590|A/snow_goose/OK/25-006648-001/2025|H5N1|USA-OK|Texas|2025-02-14|wild_avian|D1.1,Central,Central
861,170,0.217254396798854,-109.422240946019,43.397020923979,-110.121377291046,43.4062494372676,0.56439519620118,0.347140799402326,2024.91425245252,2025.13150684931,SRR33125097|A/Snowy_Owl/IA/25-005856-001-original/2025|H5N1|USA-IA|Unknown|2025-02-18|wild_avian|D1.1,Mississippi,Mississippi
697,698,0.0825633678065797,-91.6930841627657,34.8415605101684,-93.3558698911728,32.0365880847452,0.56641994936001,0.48385658155343,2025.05096823467,2025.13353160247,NA,Atlantic,Mississippi
682,3,0.52212074675778,-100.780523113599,41.4609637122508,-86.9087424390368,33.378833048115,0.572614374283479,0.0504936275256989,2024.61760528064,2025.1397260274,SRR32804615|A/cat/ID/25-007150-001-original/2025|H5N1|USA-ID|Unknown|2025-02-21|feline|D1.1,Central,Pacific
1006,325,0.324745846311917,-83.4653159658544,39.056457625858,-85.3789478859433,37.7040688337932,0.572614374283479,0.247868527971562,2024.81498018109,2025.1397260274,SRR32868875|A/Bald_Eagle/NC/25-007708-003-original/2025|H5N1|USA-NC|Unknown|2025-02-21|wild_avian|D1.1,Atlantic,Atlantic
1219,1220,0.2146479838177,-98.9517308627854,35.6909162383871,-98.9734038722741,39.4707980530439,0.577879944281728,0.363231960464027,2024.93034361358,2025.1449915974,NA,Mississippi,Atlantic
872,218,0.432751280804429,-113.481672400388,44.3525420104054,-95.4418100161922,44.8707435517156,0.580833552365551,0.148082271561122,2024.71519392467,2025.14794520548,SRR32804608|A/Skunk/NM/25-006932-001-original/2025|H5N1|USA-NM|Unknown|2025-02-24|other_mammal|D1.1,Mississippi,Central
694,9,0.383934758804228,-99.3175530612573,31.476199213643,-99.4256773566517,29.1400346927367,0.580833552365551,0.196898793561323,2024.76401044668,2025.14794520548,SRR32804645|A/Cooper_s_Hawk/MO/25-007115-002-original/2025|H5N1|USA-MO|Unknown|2025-02-24|wild_avian|D1.1,Mississippi,Mississippi
1295,613,0.320736131153747,-82.3373503399673,32.5230311248443,-78.0802790080276,38.3068844816544,0.583573278393136,0.262837147239389,2024.82994880035,2025.15068493151,SRR33124756|A/chicken/FL/25-006816-001-original/2025|H5N1|USA-FL|Unknown|2025-02-25|domestic_avian|D1.1,Mississippi,Atlantic
794,109,0.0608599711638877,-71.8048043032313,41.6415537774932,-71.896133719835,41.6152973284391,0.583573278393136,0.522713307229248,2025.08982496034,2025.15068493151,SRR34784269|A/herring_gull/RI/25-019394-001/2025|H5N1|USA-RI|Kent|2025-02-25|wild_avian|D1.1,Atlantic,Atlantic
734,55,0.323478061848453,-74.8630178583599,41.7092695612267,-75.9163666469205,40.4880762351331,0.586313004420493,0.262834942572041,2024.82994659569,2025.15342465753,SRR32868713|A/red_tailed_hawk/NY/25-007155-001/2025|H5N1|USA-NY|Tioga|2025-02-26|wild_avian|D1.1,Atlantic,Atlantic
1011,328,0.283276944149676,-85.0974665408374,39.4455186926756,-82.7258231573864,38.9007233102381,0.586313004420493,0.303036060270818,2024.87014771338,2025.15342465753,SRR32973981|A/Brown_Pelican/VA/25-008328-003-original/2025|H5N1|USA-VA|Unknown|2025-02-26|wild_avian|D1.1,Atlantic,Atlantic
1198,513,0.121176811366309,-105.055431547333,39.101461235838,-105.070556658285,39.0382906221292,0.586313004420493,0.465136193054185,2025.03224784617,2025.15342465753,SRR32868818|A/canada_goose/WY/25-008078-001/2025|H5N1|USA-WY|Platte|2025-02-26|wild_avian|D1.1,Central,Central
1007,323,0.338800370947817,-83.0311935316616,39.5321695986624,-82.8515983813196,39.6738467222267,0.589052730447851,0.250252359500034,2024.81736401261,2025.15616438356,SRR32868711|A/Red-tailed_Hawk/WV/25-007392-001-original/2025|H5N1|USA-WV|Unknown|2025-02-27|wild_avian|D1.1,Atlantic,Atlantic
899,213,0.336903889128473,-118.121231838767,46.5793449529166,-112.980756535459,39.1555328484166,0.589052730447851,0.252148841319378,2024.81926049443,2025.15616438356,SRR32804611|A/cat/KS/25-007581-001-original/2025|H5N1|USA-KS|Unknown|2025-02-27|feline|D1.1,Mississippi,Central
789,105,0.325630709925192,-90.5848299854026,36.4495823220133,-90.9059922022914,35.9585745521589,0.589052730447851,0.263422020522659,2024.83053367364,2025.15616438356,SRR32868891|A/dark_eyed_junco/NJ/25-007152-004/2025|H5N1|USA-NJ|Somerset|2025-02-27|wild_avian|D1.1,Atlantic,Atlantic
1298,619,0.32425329699886,-100.410378747428,34.8326562790099,-105.477405307616,41.1151123753743,0.589052730447851,0.264799433448991,2024.83191108656,2025.15616438356,SRR33476791|A/Peregrine_falcon/CA/25-012990-002/2025|H5N1|USA-CA|Solano|2025-02-27|wild_avian|D1.1,Pacific,Pacific
1300,620,0.114132584032125,-106.106694263368,34.9789564487514,-105.696008535789,34.1764743290379,0.589052730447851,0.474920146415726,2025.04203179953,2025.15616438356,SRR33476783|A/Sanderling/CA/25-012990-001/2025|H5N1|USA-CA|Alameda|2025-02-27|wild_avian|D1.1,Pacific,Pacific
799,116,0.212187356306627,-72.8445681911179,42.0064367272423,-70.9950308991576,42.5249885731211,0.594532182502566,0.382344826195939,2024.94945647931,2025.16164383562,SRR34710268|A/red_tailed_hawk/MA/25-019390-004/2025|H5N1|USA-MA|Middlesex|2025-03-01|wild_avian|D1.1,Atlantic,Atlantic
722,37,0.111703794430527,-96.5678777359905,42.8715198777982,-95.3530604972841,43.2095025253986,0.594532182502566,0.482828388072038,2025.04994004119,2025.16164383562,SRR32974035|A/Peregrine_Falcon/WI/25-008493-001-original/2025|H5N1|USA-WI|Unknown|2025-03-01|wild_avian|D1.1,Mississippi,Mississippi
698,699,0.0324807612063285,-93.3558698911728,32.0365880847452,-93.6872662326491,31.8927912933368,0.598900710566338,0.56641994936001,2025.13353160247,2025.16601236368,NA,Mississippi,Mississippi
1289,609,0.411605017948287,-109.694009112017,47.1765110879458,-109.738161479613,48.8303208204356,0.600011634557508,0.188406616609221,2024.75551826972,2025.16712328767,SRR33476782|A/Bald_Eagle/WA/25-013105-001-original/2025|H5N1|USA-WA|Unknown|2025-03-03|wild_avian|D1.1,Pacific,Pacific
955,276,0.375296017570271,-103.190405153361,40.3955880745763,-100.799643778834,46.7124255024885,0.600011634557508,0.224715616987237,2024.7918272701,2025.16712328767,SRR32974025|A/Red-tailed_Hawk/SD/25-008825-001-original/2025|H5N1|USA-SD|Unknown|2025-03-03|wild_avian|D1.1,Central,Central
851,167,0.35878133333646,-107.225301524038,47.4142545793145,-106.149760534076,45.3621093570008,0.600011634557508,0.241230301221047,2024.80834195433,2025.16712328767,SRR32868886|A/bald_eagle/GA/25-007707-001/2025|H5N1|USA-GA|Walton|2025-03-03|wild_avian|D1.1,Atlantic,Atlantic
940,259,0.353480798809724,-111.259926508408,33.0511801484592,-103.069594740273,31.9208918492845,0.600011634557508,0.246530835747784,2024.81364248886,2025.16712328767,SRR33029790|A/turkey_vulture/MO/25-007994-001/2025|H5N1|USA-MO|Howell|2025-03-03|wild_avian|D1.1,Central,Mississippi
857,175,0.329387836829098,-107.621583968509,38.335810706683,-100.540859348985,45.7595319666552,0.600011634557508,0.27062379772841,2024.83773545084,2025.16712328767,SRR32868755|A/red_tailed_hawk/NY/25-007854-001/2025|H5N1|USA-NY|Steuben|2025-03-03|wild_avian|D1.1,Mississippi,Atlantic
1027,397,0.259759084459081,-106.234378700429,37.9001748372423,-100.730830757895,38.1835029751267,0.600011634557508,0.340252550098426,2024.90736420321,2025.16712328767,SRR32974002|A/Skunk/KS/25-008665-001-original/2025|H5N1|USA-KS|Unknown|2025-03-03|other_mammal|D1.1,Central,Central
1094,408,0.20420985836087,-102.350911832656,37.446143555957,-97.295706118144,35.5264199807283,0.600011634557508,0.395801776196638,2024.96291342931,2025.16712328767,SRR32868817|A/Canada_Goose/WY/25-008079-001-original/2025|H5N1|USA-WY|Unknown|2025-03-03|wild_avian|D1.1,Central,Central
722,36,0.117183246485469,-96.5678777359905,42.8715198777982,-97.4010429112836,42.945029093715,0.600011634557508,0.482828388072038,2025.04994004119,2025.16712328767,SRR32868795|A/Bald_Eagle/IN/25-007837-001-original/2025|H5N1|USA-IN|Unknown|2025-03-03|wild_avian|D1.1,Mississippi,Mississippi
765,88,0.19681628906185,-71.7632902324272,42.1132462607141,-71.8955866046309,42.5705242264118,0.602751360584865,0.405935071523015,2024.97304672464,2025.1698630137,SRR34710265|A/Peregrine_Falcon/RI/25-019394-007-original/2025|H5N1|USA-RI|Unknown|2025-03-04|wild_avian|D1.1,Atlantic,Atlantic
1282,599,0.12064927297485,-114.819004495902,40.2619348856484,-122.666430670118,44.4412521890718,0.605491086612223,0.484841813637372,2025.05195346675,2025.17260273973,SRR32974026|A/Red-tailed_Hawk/OR/25-008819-001-original/2025|H5N1|USA-OR|Unknown|2025-03-05|wild_avian|D1.1,Pacific,Pacific
863,864,0.263171175775255,-102.794537610719,44.6043290491922,-102.374905419463,44.4792646029366,0.606658988002774,0.343487812227519,2024.91059946534,2025.17377064112,NA,Mississippi,Mississippi
1317,1330,0.449145697744415,-107.564245764777,42.6538566164108,-95.6609832515439,44.1347573875686,0.607317276338912,0.158171578594497,2024.72528323171,2025.17442892945,NA,Central,Mississippi
892,893,0.449720188130395,-113.069672342271,44.3613963635207,-117.19191098984,46.4208177802592,0.607998198390823,0.158278010260428,2024.72538966337,2025.1751098515,NA,Mississippi,Mississippi
914,231,0.391527091627723,-111.604105102627,41.0845306266318,-112.918971957765,41.1892050354233,0.60823081263958,0.216703721011857,2024.78381537413,2025.17534246575,SRR32868618|A/chicken/IN/25-008062-001-original/2025|H5N1|USA-IN|Unknown|2025-03-06|domestic_avian|D1.1,Mississippi,Mississippi
1023,339,0.367916885092686,-102.1544943733,34.1516952632908,-96.4528265342002,34.5120254730847,0.60823081263958,0.240313927546894,2024.80742558066,2025.17534246575,SRR32868560|A/chicken/NE/25-008023-001-original/2025|H5N1|USA-NE|Unknown|2025-03-06|domestic_avian|D1.1,Central,Central
1301,622,0.103157873722511,-106.115284146613,34.9139254260375,-105.398796433832,34.1160981772276,0.60823081263958,0.505072938917069,2025.07218459203,2025.17534246575,SRR33029846|A/barn_owl/CA/25-010283-002/2025|H5N1|USA-CA|San_Mateo|2025-03-06|wild_avian|D1.1,Pacific,Pacific
1229,543,0.0981990674841355,-98.227349481096,37.1670866399572,-99.9591850435931,31.63530200643,0.60823081263958,0.510031745155444,2025.07714339827,2025.17534246575,SRR32974113|A/turkey_vulture/KY/25-009319-001/2025|H5N1|USA-KY|Oldham|2025-03-06|wild_avian|D1.1,Mississippi,Mississippi
706,19,0.252925149640962,-95.8271215895471,39.3987814218359,-98.132040636433,33.0699343476084,0.610970538666937,0.358045389025975,2024.92515704214,2025.17808219178,SRR34980370|A/American_Crow/ME/25-021406-005-original/2025|H5N1|USA-ME|Unknown|2025-03-07|wild_avian|D1.1,Atlantic,Atlantic
985,301,0.233775048688704,-81.3959096445805,39.7921243619747,-85.4857278649517,40.2064091894154,0.610970538666937,0.377195489978233,2024.94430714309,2025.17808219178,SRR32974111|A/Brown_Pelican/NC/25-009321-002-original/2025|H5N1|USA-NC|Unknown|2025-03-07|wild_avian|D1.1,Mississippi,Atlantic
868,869,0.0893852684710301,-108.593819726543,35.7919535369264,-108.037409134956,36.9488971927185,0.613622944026494,0.524237675555464,2025.09134932867,2025.18073459714,NA,Mississippi,Mississippi
1094,407,0.217908488497884,-102.350911832656,37.446143555957,-99.9760612414922,30.9822471125972,0.613710264694522,0.395801776196638,2024.96291342931,2025.18082191781,SRR32868567|A/Guineafowl/OK/25-008449-003-original/2025|H5N1|USA-OK|Unknown|2025-03-08|domestic_avian|D1.1,Central,Central
1234,551,0.336754507313225,-120.456001726053,38.467310051811,-123.690103759522,41.0294211453589,0.619189716749237,0.282435209436012,2024.84954686255,2025.18630136986,SRR33682322|A/Owl/OR/25-014765-001-original/2025|H5N1|USA-OR|Unknown|2025-03-10|wild_avian|D1.1,Pacific,Pacific
847,158,0.282958321994767,-105.982337522908,41.8287323962304,-122.0840160341,40.5022868358187,0.619189716749237,0.33623139475447,2024.90334304787,2025.18630136986,SRR32974019|A/bald_eagle/NY/25-009027-001/2025|H5N1|USA-NY|Erie|2025-03-10|wild_avian|D1.1,Mississippi,Atlantic
743,64,0.144144278936624,-90.2723323365161,30.7911499994492,-90.3314682499074,30.6640586161669,0.619189716749237,0.475045437812613,2025.04215709093,2025.18630136986,SRR32868593|A/chicken/MD/25-008577-002-original/2025|H5N1|USA-MD|Unknown|2025-03-10|domestic_avian|D1.1,Atlantic,Atlantic
1259,575,0.434041623537342,-107.208232178221,37.8935067865519,-85.1408524922226,38.318721955476,0.624669168803952,0.19062754526661,2024.75773919838,2025.19178082192,SRR32973826|A/chicken/IL/25-009367-001-original/2025|H5N1|USA-IL|Unknown|2025-03-12|domestic_avian|D1.1,Pacific,Mississippi
803,124,0.302927965169107,-75.8445431226854,41.3154425998325,-77.6158026573621,41.7781494655313,0.624669168803952,0.321741203634845,2024.88885285675,2025.19178082192,SRR32974073|A/bald_eagle/NJ/25-009512-004/2025|H5N1|USA-NJ|Bergen|2025-03-12|wild_avian|D1.1,Atlantic,Atlantic
1301,621,0.119596229886882,-106.115284146613,34.9139254260375,-106.428378733268,35.3381680978917,0.624669168803952,0.505072938917069,2025.07218459203,2025.19178082192,SRR33682329|A/great_blue_heron/CA/25-014655-001/2025|H5N1|USA-CA|Alameda|2025-03-12|wild_avian|D1.1,Pacific,Pacific
1028,396,0.0949910025811513,-102.593525089538,38.9509970319045,-97.4716541585037,44.6904463730441,0.624669168803952,0.5296781662228,2025.09678981934,2025.19178082192,SRR32868813|A/Canada_Goose/OK/25-009017-002-original/2025|H5N1|USA-OK|Unknown|2025-03-12|wild_avian|D1.1,Central,Central
698,701,0.0583662690295667,-93.3558698911728,32.0365880847452,-95.3006945522286,29.3374498639379,0.624786218389576,0.56641994936001,2025.13353160247,2025.1918978715,NA,Mississippi,Mississippi
1028,1029,0.0977068989259645,-102.593525089538,38.9509970319045,-101.938401371725,38.0973902901261,0.627385065148765,0.5296781662228,2025.09678981934,2025.19449671826,NA,Central,Central
1199,515,0.270649706422887,-107.221764613971,41.294406047923,-121.059156646095,37.0884931063806,0.627408894831309,0.356759188408422,2024.92387084152,2025.19452054795,SRR33508799|A/Skunk/TX/25-010819-006-original/2025|H5N1|USA-TX|Unknown|2025-03-13|other_mammal|D1.1,Central,Central
906,219,0.115191405824734,-113.129028229855,47.6305785237913,-104.987310923334,45.5354576620343,0.627408894831309,0.512217489006575,2025.07932914212,2025.19452054795,SRR32974022|A/Peregrine_Falcon/IA/25-009016-001-original/2025|H5N1|USA-IA|Unknown|2025-03-13|wild_avian|D1.1,Mississippi,Mississippi
759,77,0.385783807960197,-91.1213395450061,32.1009013671499,-89.9471260763337,31.3700921655598,0.630148620858894,0.244364812898696,2024.81147646601,2025.19726027397,SRR32974049|A/Canada_Goose/VT/25-009472-001-original/2025|H5N1|USA-VT|Unknown|2025-03-14|wild_avian|D1.1,Atlantic,Atlantic
869,184,0.019265402859757,-108.037409134956,36.9488971927185,-106.597957592814,37.2635276105785,0.632888346886251,0.613622944026494,2025.18073459714,2025.2,SRR33476771|A/black_vulture/OH/25-012888-001/2025|H5N1|USA-OH|Licking|2025-03-15|wild_avian|D1.1,Mississippi,Mississippi
1242,560,0.392059561058917,-118.51909870142,41.7930608455775,-113.793071489542,38.3860091273135,0.638367798940966,0.246308237882049,2024.813419891,2025.20547945205,SRR32973825|A/chicken/NM/25-009470-001-original/2025|H5N1|USA-NM|Unknown|2025-03-17|domestic_avian|D1.1,Central,Central
758,75,0.268321721637655,-90.4867280976898,36.3773873622018,-89.8299390952547,34.8528387082537,0.638367798940966,0.370046077303311,2024.93715773042,2025.20547945205,SRR33370215|A/black_vulture/PA/25-011842-001/2025|H5N1|USA-PA|Dauphin|2025-03-17|wild_avian|D1.1,Atlantic,Atlantic
1329,646,0.421652718534015,-112.87465088121,48.4302814347197,-109.401502805008,43.6531361990909,0.641107524968323,0.219454806434308,2024.78656645955,2025.20821917808,SRR32973819|A/Duck/MT/25-009376-001-original/2025|H5N1|USA-MT|Unknown|2025-03-18|domestic_avian|D1.1,Central,Central
1355,678,0.399780043394537,-114.948376364667,34.6211388124143,-114.776453059917,37.910279347036,0.641107524968323,0.241327481573786,2024.80843913469,2025.20821917808,SRR33508800|A/Skunk/TX/25-010819-005-original/2025|H5N1|USA-TX|Unknown|2025-03-18|other_mammal|D1.1,Central,Central
1231,547,0.396768341293781,-97.3377327150698,31.3814130032051,-93.3949007848232,32.1526978814943,0.641107524968323,0.244339183674542,2024.81145083679,2025.20821917808,SRR33508852|A/Turkey/IL/25-009630-001-original/2025|H5N1|USA-IL|Unknown|2025-03-18|domestic_avian|D1.1,Mississippi,Mississippi
1227,541,0.303678022240014,-77.5258526307006,40.2517181277545,-84.8767766638592,43.9335941905127,0.641107524968323,0.337429502728309,2024.90454115584,2025.20821917808,SRR33029751|A/chicken/KS/25-009496-002-original/2025|H5N1|USA-KS|Unknown|2025-03-18|domestic_avian|D1.1,Mississippi,Central
794,108,0.118394217739075,-71.8048043032313,41.6415537774932,-71.891129985298,41.8899415984374,0.641107524968323,0.522713307229248,2025.08982496034,2025.20821917808,SRR35089326|A/Fish_Crow/RI/25-021409-001-original/2025|H5N1|USA-RI|Unknown|2025-03-18|wild_avian|D1.1,Atlantic,Atlantic
868,182,0.116869849412859,-108.593819726543,35.7919535369264,-108.671050899547,35.7630121265155,0.641107524968323,0.524237675555464,2025.09134932867,2025.20821917808,SRR33029849|A/black_vulture/OH/25-009864-005/2025|H5N1|USA-OH|Highland|2025-03-18|wild_avian|D1.1,Mississippi,Mississippi
780,98,0.155642680216994,-71.1721849022837,42.7077853233853,-71.4243482008984,42.659311260607,0.643847250995908,0.488204570778914,2025.05531622389,2025.21095890411,SRR34980328|A/Gull/NH/25-021405-005-original/2025|H5N1|USA-NH|Unknown|2025-03-19|wild_avian|D1.1,Atlantic,Atlantic
893,208,0.0358490526050851,-117.19191098984,46.4208177802592,-117.055301833271,46.4178538989744,0.643847250995908,0.607998198390823,2025.1751098515,2025.21095890411,SRR33029853|A/Black_Vulture/AL/25-010338-002-original/2025|H5N1|USA-AL|Unknown|2025-03-19|wild_avian|D1.1,Mississippi,Mississippi
766,767,0.13266430632255,-71.7883646549562,42.2551048126858,-73.0147894531969,41.6109962211162,0.645244308193797,0.512580001871247,2025.07969165499,2025.21235596131,NA,Atlantic,Atlantic
943,264,0.45379539900147,-111.57573687978,47.0269847104992,-99.0851372399694,36.9846837153494,0.646586977023266,0.192791578021796,2024.75990323114,2025.21369863014,SRR33319031|A/Skunk/NV/25-011566-001-original/2025|H5N1|USA-NV|Unknown|2025-03-20|other_mammal|D1.1,Central,Pacific
822,138,0.450045718172161,-100.284718135453,39.4834859489749,-96.9997098619687,38.7042676339338,0.646586977023266,0.196541258851104,2024.76365291196,2025.21369863014,SRR33029789|A/Bald_Eagle/FL/25-009986-004-original/2025|H5N1|USA-FL|Unknown|2025-03-20|wild_avian|D1.1,Atlantic,Atlantic
1341,658,0.444080930879497,-107.507814826639,39.975509848993,-120.408252794476,43.2117500107481,0.646586977023266,0.202506046143768,2024.76961769926,2025.21369863014,SRR33319026|A/turkey_vulture/MO/25-011519-002/2025|H5N1|USA-MO|Cape_Girardeau|2025-03-20|wild_avian|D1.1,Central,Mississippi
863,178,0.303099164795747,-102.794537610719,44.6043290491922,-101.61065266266,31.5234450628867,0.646586977023266,0.343487812227519,2024.91059946534,2025.21369863014,SRR33370194|A/Great_Horned_Owl/FL/25-012397-001-original/2025|H5N1|USA-FL|Unknown|2025-03-20|wild_avian|D1.1,Mississippi,Atlantic
988,989,0.00704911014752174,-72.0814890154089,41.6888248167239,-75.3325484865509,38.376139159344,0.647452543567257,0.640403433419735,2025.20751508653,2025.21456419668,NA,Atlantic,Atlantic
831,834,0.494451896582947,-115.168894761259,41.4321387778481,-114.755425043581,45.1580530211519,0.647926884930737,0.15347498834779,2024.72058664146,2025.21503853804,NA,Mississippi,Mississippi
989,990,0.000744969197509993,-75.3325484865509,38.376139159344,-75.1747125300599,38.257452289421,0.648197512764767,0.647452543567257,2025.21456419668,2025.21530916588,NA,Atlantic,Atlantic
834,836,0.000315934025944653,-114.755425043581,45.1580530211519,-114.609293144404,44.8596252317329,0.648242818956682,0.647926884930737,2025.21503853804,2025.21535447207,NA,Mississippi,Mississippi
1089,402,0.10018413143807,-103.038791315674,48.517196388226,-102.997002047338,48.550310073652,0.649326703050623,0.549142571612553,2025.11625422473,2025.21643835616,SRR33319040|A/Ross_s_Goose/ND/25-011280-001-original/2025|H5N1|USA-ND|Unknown|2025-03-21|wild_avian|D1.1,Central,Central
990,991,0.00118878195452832,-75.1747125300599,38.257452289421,-75.1674938742507,38.2561829395965,0.649386294719296,0.648197512764767,2025.21530916588,2025.21649794783,NA,Atlantic,Atlantic
1282,1283,0.165514820883072,-114.819004495902,40.2619348856484,-115.157832047368,40.3405144542368,0.650356634520445,0.484841813637372,2025.05195346675,2025.21746828763,NA,Pacific,Pacific
834,835,0.00385446268097067,-114.755425043581,45.1580530211519,-114.799917808542,44.3860348537985,0.651781347611708,0.647926884930737,2025.21503853804,2025.21889300073,NA,Mississippi,Mississippi
991,994,0.00414633611767379,-75.1674938742507,38.2561829395965,-75.4963071214542,38.2339934918431,0.653532630836969,0.649386294719296,2025.21649794783,2025.22064428395,NA,Atlantic,Atlantic
1261,1263,0.143486284482376,-99.995335161993,36.4324332864423,-96.4591787930923,35.2728426925755,0.6570865345493,0.513600250066923,2025.08071190318,2025.22419818766,NA,Pacific,Pacific
908,222,0.393538038518011,-111.424565606538,44.223278477478,-113.04816709582,45.6089777956745,0.657545881132695,0.264007842614684,2024.83111949573,2025.22465753425,SRR33029828|A/cat/IA/25-010114-001-original/2025|H5N1|USA-IA|Unknown|2025-03-24|feline|D1.1,Mississippi,Mississippi
1086,400,0.202504264317872,-105.906618972661,36.3377982904817,-101.262481649328,31.3218017473841,0.657545881132695,0.455041616814823,2025.02215326993,2025.22465753425,SRR33508770|A/Duck/NE/25-010532-002-original/2025|H5N1|USA-NE|Unknown|2025-03-24|domestic_avian|D1.1,Central,Central
745,60,0.138461361538945,-90.6499279010939,31.7682005014189,-90.6044320758031,32.0612633522234,0.657545881132695,0.51908451959375,2025.08619617271,2025.22465753425,SRR34710271|A/Turkey_Vulture/MD/25-019391-002-original/2025|H5N1|USA-MD|Unknown|2025-03-24|wild_avian|D1.1,Atlantic,Atlantic
994,307,0.00401325029572575,-75.4963071214542,38.2339934918431,-75.5018235079532,38.7196452197374,0.657545881132695,0.653532630836969,2025.22064428395,2025.22465753425,SRR33508772|A/black_vulture/MA/25-010531-001/2025|H5N1|USA-MA|Harford|2025-03-24|wild_avian|D1.1,Atlantic,Atlantic
994,995,0.0053273147693077,-75.4963071214542,38.2339934918431,-75.6004907079827,38.4305295295329,0.658859945606277,0.653532630836969,2025.22064428395,2025.22597159872,NA,Atlantic,Atlantic
1283,1284,0.00871700145352894,-115.157832047368,40.3405144542368,-115.802997872755,40.3251851940622,0.659073635973974,0.650356634520445,2025.21746828763,2025.22618528909,NA,Pacific,Pacific
766,768,0.146601940562454,-71.7883646549562,42.2551048126858,-71.7447733211672,42.2950983823753,0.659181942433701,0.512580001871247,2025.07969165499,2025.22629359555,NA,Atlantic,Atlantic
1263,580,0.00319907261098029,-96.4591787930923,35.2728426925755,-96.2752534547022,35.1419316275636,0.66028560716028,0.6570865345493,2025.22419818766,2025.22739726027,SRR33319085|A/cattle/AZ/25-010942-001-original/2025|H5N1|USA-AZ|Unknown|2025-03-25|cattle|D1.1,Pacific,Pacific
701,702,0.0364903833459612,-95.3006945522286,29.3374498639379,-97.7747097580198,29.2292732969456,0.661276601735537,0.624786218389576,2025.1918978715,2025.22838825485,NA,Mississippi,Mississippi
1196,512,0.385826614313582,-102.708383549234,37.4473828034542,-105.101314745228,34.4532085865817,0.663025333187637,0.277198718874055,2024.84431037199,2025.2301369863,SRR33508736|A/Red-tailed_Hawk/CO/25-010882-001-original/2025|H5N1|USA-CO|Unknown|2025-03-26|wild_avian|D1.1,Central,Central
1229,544,0.152993588032193,-98.227349481096,37.1670866399572,-94.5211120389073,36.6945407098621,0.663025333187637,0.510031745155444,2025.07714339827,2025.2301369863,SRR33508738|A/Great_Horned_Owl/MI/25-010812-002-original/2025|H5N1|USA-MI|Unknown|2025-03-26|wild_avian|D1.1,Mississippi,Mississippi
977,978,0.317759532515282,-80.3510486025477,38.1683929050574,-76.3217806878678,37.754540702885,0.664456447457922,0.34669691494264,2024.91380856806,2025.23156810057,NA,Atlantic,Atlantic
1096,1097,0.158772462179743,-114.720283580665,39.8762661277205,-114.261549866682,39.4882984321805,0.66544864104234,0.506676178862597,2025.07378783198,2025.23256029416,NA,Pacific,Pacific
871,187,0.29710920077669,-102.118747374564,46.2779266814199,-102.903873056486,40.3776506967772,0.665765059214995,0.368655858438305,2024.93576751155,2025.23287671233,SRR33370162|A/Mallard/MN/25-012246-005-original/2025|H5N1|USA-MN|Unknown|2025-03-27|wild_avian|D1.1,Mississippi,Mississippi
989,319,0.0183125156477374,-75.3325484865509,38.376139159344,-75.5329377747298,38.0985614963348,0.665765059214995,0.647452543567257,2025.21456419668,2025.23287671233,SRR33508749|A/black_vulture/PA/25-010745-004/2025|H5N1|USA-PA|Lancaster|2025-03-27|wild_avian|D1.1,Atlantic,Atlantic
1263,1264,0.0150173575005771,-96.4591787930923,35.2728426925755,-95.4973105023193,34.0482804355109,0.672103892049877,0.6570865345493,2025.22419818766,2025.23921554516,NA,Pacific,Pacific
1330,1331,0.0680202088905203,-95.6609832515439,44.1347573875686,-87.728022245611,47.4330712379231,0.675337485229432,0.607317276338912,2025.17442892945,2025.24244913834,NA,Mississippi,Atlantic
960,282,0.463214964737213,-111.48039496235,37.256890208581,-115.130856993505,36.5597783161532,0.676723963324652,0.213508998587438,2024.7806206517,2025.24383561644,SRR33319032|A/Skunk/UT/25-011119-002-original/2025|H5N1|USA-UT|Unknown|2025-03-31|other_mammal|D1.1,Pacific,Pacific
762,78,0.367545077406308,-94.9891411072507,34.0973278572049,-88.7489198210516,40.0499469038729,0.676723963324652,0.309178885918344,2024.87629053903,2025.24383561644,SRR33370138|A/Red_Fox/VA/25-012694-001-original/2025|H5N1|USA-VA|Unknown|2025-03-31|other_mammal|D1.1,Atlantic,Atlantic
1215,530,0.455347301258176,-91.4127071864409,35.7983562929781,-103.299094854681,38.5890588399272,0.679463689352009,0.224116388093833,2024.79122804121,2025.24657534247,SRR33319029|A/Snow_Goose/ND/25-011281-001-original/2025|H5N1|USA-ND|Unknown|2025-04-01|wild_avian|D1.1,Central,Central
1200,517,0.318753678530506,-106.559055045912,44.5529722045342,-113.317307515493,43.7921746137569,0.679463689352009,0.360710010821503,2024.92782166394,2025.24657534247,SRR33319054|A/Great_Horned_Owl/ND/25-011283-001-original/2025|H5N1|USA-ND|Unknown|2025-04-01|wild_avian|D1.1,Central,Central
1281,603,0.224636568461873,-114.380549013091,40.0787448536937,-114.625048852887,39.7846452411261,0.679463689352009,0.454827120890136,2025.021938774,2025.24657534247,SRR33682347|A/Canada_Goose/WA/25-014080-001-original/2025|H5N1|USA-WA|Unknown|2025-04-01|wild_avian|D1.1,Pacific,Pacific
697,17,0.195607107798579,-91.6930841627657,34.8415605101684,-91.8510460041793,36.2726929919534,0.679463689352009,0.48385658155343,2025.05096823467,2025.24657534247,SRR33319022|A/Black_Vulture/VA/25-011541-002-original/2025|H5N1|USA-VA|Unknown|2025-04-01|wild_avian|D1.1,Atlantic,Atlantic
699,700,0.0823373730706366,-93.6872662326491,31.8927912933368,-99.5966128768238,34.3060482658679,0.681238083636975,0.598900710566338,2025.16601236368,2025.24834973675,NA,Mississippi,Atlantic
720,35,0.180395249217992,-94.8431972366699,40.1190086716791,-94.0363703055692,39.821591291099,0.682203415379366,0.501808166161374,2025.06891981928,2025.24931506849,SRR33370139|A/red_breasted_merganser/MI/25-011271-008/2025|H5N1|USA-MI|Allegan|2025-04-02|wild_avian|D1.1,Mississippi,Mississippi
988,320,0.0445397079869883,-72.0814890154089,41.6888248167239,-76.7525320743249,41.4437551396147,0.684943141406724,0.640403433419735,2025.20751508653,2025.25205479452,SRR33319024|A/black_vulture/PA/25-011728-001/2025|H5N1|USA-PA|York|2025-04-03|wild_avian|D1.1,Atlantic,Atlantic
1220,1221,0.11518288323359,-98.9734038722741,39.4707980530439,-99.2157576889717,36.7547790320717,0.693062827515318,0.577879944281728,2025.1449915974,2025.26017448063,NA,Atlantic,Atlantic
869,183,0.0822791014898865,-108.037409134956,36.9488971927185,-108.602805580472,37.7254436292789,0.695902045516381,0.613622944026494,2025.18073459714,2025.26301369863,SRR33370172|A/vulture/OH/25-012105-001/2025|H5N1|USA-OH|Unknown|2025-04-07|wild_avian|D1.1,Mississippi,Mississippi
835,149,0.0441206979046727,-114.799917808542,44.3860348537985,-114.807470186841,44.3841313136145,0.695902045516381,0.651781347611708,2025.21889300073,2025.26301369863,SRR33370169|A/vulture/OH/25-012105-004/2025|H5N1|USA-OH|Unknown|2025-04-07|wild_avian|D1.1,Mississippi,Mississippi
725,43,0.52654780887455,-104.46147950851,46.7266567633528,-112.756465258712,32.7037957844412,0.698641771543738,0.172093962669188,2024.73920561578,2025.26575342466,SRR33370196|A/Great_Horned_Owl/MT/25-012288-002-original/2025|H5N1|USA-MT|Unknown|2025-04-08|wild_avian|D1.1,Mississippi,Pacific
814,131,0.440871403460426,-102.846805916321,30.5113781664797,-99.1011756794776,30.6243014451531,0.698641771543738,0.257770368083312,2024.8248820212,2025.26575342466,SRR33370177|A/Snowy_Owl/WI/25-012050-001-original/2025|H5N1|USA-WI|Unknown|2025-04-08|wild_avian|D1.1,Mississippi,Mississippi
871,186,0.329985913105433,-102.118747374564,46.2779266814199,-100.833671618347,44.4788565188116,0.698641771543738,0.368655858438305,2024.93576751155,2025.26575342466,SRR33370176|A/Trumpeter_Swan/IA/25-011816-001-original/2025|H5N1|USA-IA|Unknown|2025-04-08|wild_avian|D1.1,Mississippi,Mississippi
1277,595,0.515590171593565,-105.687353280441,40.1591695023281,-105.873780878355,36.6643233490668,0.704121223598453,0.188531052004888,2024.75564270512,2025.27123287671,SRR34710266|A/Red-tailed_Hawk/CO/25-019366-002-original/2025|H5N1|USA-CO|Unknown|2025-04-10|wild_avian|D1.1,Pacific,Pacific
914,232,0.487417502586596,-111.604105102627,41.0845306266318,-116.401388349712,36.4486234367371,0.704121223598453,0.216703721011857,2024.78381537413,2025.27123287671,SRR33476774|A/Turkey_Vulture/MO/25-012813-002-original/2025|H5N1|USA-MO|Unknown|2025-04-10|wild_avian|D1.1,Mississippi,Mississippi
1247,564,0.426280142702482,-106.861860726057,43.7322586842143,-119.955700714402,48.3095033624394,0.704121223598453,0.277841080895971,2024.84495273401,2025.27123287671,SRR33476799|A/Cooper_s_Hawk/MO/25-012813-008-original/2025|H5N1|USA-MO|Unknown|2025-04-10|wild_avian|D1.1,Central,Mississippi
1091,406,0.187563387715008,-107.700615255112,32.8922725780448,-103.896423505338,40.2482037572822,0.704121223598453,0.516557835883445,2025.083669489,2025.27123287671,SRR33476801|A/Canada_Goose/SD/25-013305-001-original/2025|H5N1|USA-SD|Unknown|2025-04-10|wild_avian|D1.1,Central,Central
1330,654,0.0968039472595409,-95.6609832515439,44.1347573875686,-100.397597958671,39.0970937032738,0.704121223598453,0.607317276338912,2025.17442892945,2025.27123287671,SRR33370209|A/Black_Vulture/VA/25-012471-002-original/2025|H5N1|USA-VA|Unknown|2025-04-10|wild_avian|D1.1,Mississippi,Atlantic
836,150,0.0558784046417709,-114.609293144404,44.8596252317329,-115.500274734533,43.9626563211658,0.704121223598453,0.648242818956682,2025.21535447207,2025.27123287671,SRR33476809|A/canada_goose/KY/25-013218-002/2025|H5N1|USA-KY|Mason|2025-04-10|wild_avian|D1.1,Mississippi,Mississippi
835,148,0.0523398759867448,-114.799917808542,44.3860348537985,-115.528970918644,44.0156585262454,0.704121223598453,0.651781347611708,2025.21889300073,2025.27123287671,SRR33476805|A/black_vulture/KY/25-013218-001/2025|H5N1|USA-KY|Mason|2025-04-10|wild_avian|D1.1,Mississippi,Mississippi
906,220,0.194643460619462,-113.129028229855,47.6305785237913,-114.03539254236,44.442660276986,0.706860949626038,0.512217489006575,2025.07932914212,2025.27397260274,SRR33682307|A/Turkey_Vulture/IN/25-014056-001-original/2025|H5N1|USA-IN|Unknown|2025-04-11|wild_avian|D1.1,Mississippi,Mississippi
1018,334,0.553522681457787,-104.397370469539,31.2940476554792,-91.7900652711175,43.1105288778659,0.712340401680752,0.158817720222966,2024.72592937334,2025.27945205479,SRR33682331|A/Cougar/CA/25-014656-002-original/2025|H5N1|USA-CA|Unknown|2025-04-13|feline|D1.1,Central,Pacific
696,18,0.365282702178967,-92.554732177468,35.6741835019774,-89.8613700810589,39.3538122766271,0.723299305790409,0.358016603611442,2024.92512825673,2025.2904109589,SRR34425893|A/red_fox/NJ/25-018509-001/2025|H5N1|USA-NJ|Mercer|2025-04-17|other_mammal|D1.1,Atlantic,Atlantic
796,113,0.353616434614315,-91.289070943424,33.2480707766019,-91.3383852195187,33.9551661629007,0.723299305790409,0.369682871176094,2024.93679452429,2025.2904109589,SRR34425892|A/red_fox/NJ/25-018509-002/2025|H5N1|USA-NJ|Mercer|2025-04-17|other_mammal|D1.1,Atlantic,Atlantic
1264,1265,0.0522797386885827,-95.4973105023193,34.0482804355109,-95.6286061158519,38.679509605456,0.724383630738459,0.672103892049877,2025.23921554516,2025.29149528385,NA,Pacific,Pacific
991,992,0.0760911931504654,-75.1674938742507,38.2561829395965,-75.1629207240064,38.2577585005805,0.725477487869761,0.649386294719296,2025.21649794783,2025.29258914098,NA,Atlantic,Atlantic
1221,537,0.0329762043024492,-99.2157576889717,36.7547790320717,-99.3144105998037,36.7647695876743,0.726039031817767,0.693062827515318,2025.26017448063,2025.29315068493,SRR34270262|A/black_vulture/GA/25-017626-002/2025|H5N1|USA-GA|Monroe|2025-04-18|wild_avian|D1.1,Atlantic,Atlantic
767,79,0.0862741756786846,-73.0147894531969,41.6109962211162,-71.5136465914487,43.1007316285267,0.731518483872482,0.645244308193797,2025.21235596131,2025.29863013699,SRR35319688|A/Common_Eider/MA/25-021407-030-original/2025|H5N1|USA-MA|Unknown|2025-04-20|wild_avian|D1.1,Atlantic,Atlantic
1331,1332,0.0584484165024507,-87.728022245611,47.4330712379231,-88.6423102182665,43.5068777256831,0.733785901731883,0.675337485229432,2025.24244913834,2025.30089755485,NA,Atlantic,Atlantic
707,25,0.582657205668775,-99.8239637288545,37.7272207594501,-117.966437260437,43.215651218643,0.734258209899839,0.151601004231064,2024.71871265734,2025.30136986301,SRR33565201|A/canada_goose/NY/25-013428-001/2025|H5N1|USA-NY|Niagara|2025-04-21|wild_avian|D1.1,Central,Atlantic
1291,616,0.579344479701307,-104.470678532972,40.6563032272539,-109.696244361424,38.4936200272031,0.734258209899839,0.154913730198532,2024.72202538331,2025.30136986301,SRR33476770|A/Turkey_Vulture/WY/25-013045-001-original/2025|H5N1|USA-WY|Unknown|2025-04-21|wild_avian|D1.1,Pacific,Central
1091,405,0.217700374016394,-107.700615255112,32.8922725780448,-98.2088324819059,31.7655524989747,0.734258209899839,0.516557835883445,2025.083669489,2025.30136986301,SRR33476668|A/chicken/MN/25-013149-001-original/2025|H5N1|USA-MN|Unknown|2025-04-21|domestic_avian|D1.1,Central,Mississippi
978,292,0.0698017624419172,-76.3217806878678,37.754540702885,-76.6321405661373,38.984723889868,0.734258209899839,0.664456447457922,2025.23156810057,2025.30136986301,SRR33682355|A/black_vulture/NC/25-013413-001/2025|H5N1|USA-NC|Mecklenburg|2025-04-21|wild_avian|D1.1,Atlantic,Atlantic
1264,581,0.0676337699049044,-95.4973105023193,34.0482804355109,-99.5095431542372,38.3803742502354,0.739737661954781,0.672103892049877,2025.23921554516,2025.30684931507,SRR33764593|A/cattle/AZ/25-013772-001-original-repeat2/2025|H5N1|USA-AZ|Unknown|2025-04-23|cattle|D1.1,Pacific,Pacific
700,13,0.0584995783178065,-99.5966128768238,34.3060482658679,-98.7825476640737,31.1410504612547,0.739737661954781,0.681238083636975,2025.24834973675,2025.30684931507,SRR33764586|A/Great_Horned_Owl/CT/25-013382-001-original-repeat2/2025|H5N1|USA-CT|Unknown|2025-04-23|wild_avian|D1.1,Atlantic,Atlantic
724,41,0.401972024909379,-106.583894506007,34.6882209546096,-107.779305708683,35.156977526472,0.742477387982138,0.340505363072759,2024.90761701619,2025.3095890411,SRR33764590|A/bald_eagle/MI/25-013929-001/2025|H5N1|USA-MI|Manistee|2025-04-24|wild_avian|D1.1,Mississippi,Mississippi
1284,601,0.083403752008165,-115.802997872755,40.3251851940622,-116.167126882914,41.2522778508493,0.742477387982138,0.659073635973974,2025.22618528909,2025.3095890411,SRR33682312|A/Sand_Crane/WA/25-014081-001-original/2025|H5N1|USA-WA|Unknown|2025-04-24|wild_avian|D1.1,Pacific,Pacific
1310,627,0.532675972306333,-107.846076560927,41.7500770334812,-107.424272471346,42.4064292332429,0.745217114009496,0.212541141703163,2024.77965279482,2025.31232876712,SRR33682316|A/Red-tailed_Hawk/ID/25-014530-001-original/2025|H5N1|USA-ID|Unknown|2025-04-25|wild_avian|D1.1,Pacific,Pacific
711,28,0.391161852206845,-107.604634053034,35.1964510247573,-107.898184969817,34.6531578914972,0.745217114009496,0.354055261802651,2024.92116691492,2025.31232876712,SRR33682328|A/Great_Horned_Owl/ID/25-014531-001-original/2025|H5N1|USA-ID|Unknown|2025-04-25|wild_avian|D1.1,Pacific,Pacific
992,993,0.0253644467767408,-75.1629207240064,38.2577585005805,-75.6894002486186,38.4925473118199,0.750841934646502,0.725477487869761,2025.29258914098,2025.31795358776,NA,Atlantic,Atlantic
993,304,0.00259435744529368,-75.6894002486186,38.4925473118199,-76.0782135842901,39.032263674546,0.753436292091795,0.750841934646502,2025.31795358776,2025.32054794521,SRR33830330|A/black_vulture/PA/25-015563-001/2025|H5N1|USA-PA|Chester|2025-04-28|wild_avian|D1.1,Atlantic,Atlantic
1096,1098,0.250733446978994,-114.720283580665,39.8762661277205,-116.144409113245,37.4488490082781,0.757409625841591,0.506676178862597,2025.07378783198,2025.32452127896,NA,Pacific,Pacific
1268,585,0.530703635945539,-105.964394156191,37.1001843987283,-107.821236592253,33.6007029894691,0.75891574414651,0.228212108200971,2024.79532376131,2025.32602739726,SRR33682297|A/Turkey_Vulture/UT/25-014690-001-original/2025|H5N1|USA-UT|Unknown|2025-04-30|wild_avian|D1.1,Pacific,Pacific
701,14,0.134129525756934,-95.3006945522286,29.3374498639379,-95.8804672463097,31.520706475022,0.75891574414651,0.624786218389576,2025.1918978715,2025.32602739726,SRR33564631|A/chicken/IN/25-014151-001-original/2025|H5N1|USA-IN|Unknown|2025-04-30|domestic_avian|D1.1,Mississippi,Mississippi
702,16,0.0976391424109728,-97.7747097580198,29.2292732969456,-100.483798934596,30.3635710103139,0.75891574414651,0.661276601735537,2025.22838825485,2025.32602739726,SRR33564627|A/Guineafowl/IL/25-014146-002-original/2025|H5N1|USA-IL|Unknown|2025-04-30|domestic_avian|D1.1,Mississippi,Mississippi
1090,404,0.195213377125803,-99.7207971455749,48.4263394620029,-100.451626179744,48.0768076076846,0.761655470173868,0.566442093048065,2025.13355374616,2025.32876712329,SRR33682396|A/goose/ND/25-014293-001-original-repeat/2025|H5N1|USA-ND|Unknown|2025-05-01|domestic_avian|D1.1,Central,Central
1097,412,0.0989465551588853,-114.261549866682,39.4882984321805,-106.809190405838,41.8034525627404,0.764395196201225,0.66544864104234,2025.23256029416,2025.33150684932,SRR33830328|A/Great_Horned_Owl/MT/25-015870-001-original/2025|H5N1|USA-MT|Unknown|2025-05-02|wild_avian|D1.1,Pacific,Central
763,90,0.423161751771727,-96.3383593542875,35.1039252029223,-95.376205414161,34.9408611854943,0.772614374283525,0.349452622511798,2024.91656427563,2025.3397260274,SRR33764587|A/Fox/MA/25-015209-001-original/2025|H5N1|USA-MA|Unknown|2025-05-05|other_mammal|D1.1,Atlantic,Atlantic
1093,409,0.418904449230546,-102.632977053589,37.9716187197492,-103.233252915814,37.9104051466925,0.775354100310882,0.356449651080336,2024.92356130419,2025.34246575342,SRR33764588|A/cat/SD/25-015467-001-original/2025|H5N1|USA-SD|Unknown|2025-05-06|feline|D1.1,Central,Central
916,235,0.455292014110781,-94.9796575907372,42.1897549878771,-95.2568858067942,42.3956902451561,0.778093826338239,0.322801812227459,2024.88991346534,2025.34520547945,SRR33764582|A/Turkey_Vulture/IA/25-014877-001-original/2025|H5N1|USA-IA|Unknown|2025-05-07|wild_avian|D1.1,Mississippi,Mississippi
948,266,0.36921239926175,-100.923872516512,34.2514342420482,-104.66057192184,31.0150662857558,0.778093826338239,0.408881427076489,2024.97599308019,2025.34520547945,SRR33764581|A/Turkey_Vulture/IA/25-014877-002-original/2025|H5N1|USA-IA|Unknown|2025-05-07|wild_avian|D1.1,Mississippi,Mississippi
876,877,0.522939445207056,-116.352519202808,45.3595003754593,-105.520292173557,41.2695059621215,0.783441817146445,0.260502371939389,2024.82761402505,2025.35055347026,NA,Mississippi,Atlantic
700,12,0.10233519475598,-99.5966128768238,34.3060482658679,-99.6382541789297,34.3407640506973,0.783573278392954,0.681238083636975,2025.24834973675,2025.35068493151,SRR33682397|A/Duck/NJ/25-015044-006-original/2025|H5N1|USA-NJ|Unknown|2025-05-09|domestic_avian|D1.1,Atlantic,Atlantic
1220,533,0.208433060138811,-98.9734038722741,39.4707980530439,-98.1768438810155,40.0201024148759,0.786313004420539,0.577879944281728,2025.1449915974,2025.35342465753,SRR33943918|A/Muscovy_Duck/GA/25-016493-001-original/2025|H5N1|USA-GA|Unknown|2025-05-10|wild_avian|D1.1,Atlantic,Atlantic
1265,1266,0.0653216198082647,-95.6286061158519,38.679509605456,-96.6624782156908,39.2672963512596,0.789705250546724,0.724383630738459,2025.29149528385,2025.35681690366,NA,Pacific,Pacific
877,878,0.00661693986467993,-105.520292173557,41.2695059621215,-105.523266546198,41.242253324929,0.790058757011125,0.783441817146445,2025.35055347026,2025.35717041012,NA,Atlantic,Atlantic
770,772,0.0533361459292772,-72.3302463070346,43.3862984601107,-71.2115794942598,42.7454238896441,0.798449016327139,0.745112870397862,2025.31222452351,2025.36556066944,NA,Atlantic,Atlantic
992,306,0.0745341466875649,-75.1629207240064,38.2577585005805,-76.0299565831887,39.8679741083825,0.800011634557326,0.725477487869761,2025.29258914098,2025.36712328767,SRR33993064|A/Black_Vulture/PA/25-017251-001-original/2025|H5N1|USA-PA|Unknown|2025-05-15|wild_avian|D1.1,Atlantic,Atlantic
768,87,0.143569418151209,-71.7447733211672,42.2950983823753,-71.9855235199723,41.7689698738085,0.802751360584911,0.659181942433701,2025.22629359555,2025.3698630137,SRR34710290|A/Great_Black-Backed_Gull/MA/25-019390-021-original/2025|H5N1|USA-MA|Unknown|2025-05-16|wild_avian|D1.1,Atlantic,Atlantic
1029,1030,0.177147394779615,-101.938401371725,38.0973902901261,-100.99389757999,39.0341921875676,0.80453245992838,0.627385065148765,2025.19449671826,2025.37164411304,NA,Central,Central
983,299,0.0943204493926803,-80.9875391470881,35.2575951213148,-81.3448181875916,35.5849575661685,0.81371026469434,0.71938981530166,2025.28650146842,2025.38082191781,SRR33943915|A/black_vulture/SC/25-016638-003/2025|H5N1|USA-SC|Chester|2025-05-20|wild_avian|D1.1,Atlantic,Atlantic
1265,582,0.094806086010823,-95.6286061158519,38.679509605456,-93.2854107344217,39.5459777023748,0.819189716749282,0.724383630738459,2025.29149528385,2025.38630136986,SRR33830342|A/chicken/AZ/25-016339-007-original/2025|H5N1|USA-AZ|Unknown|2025-05-22|domestic_avian|D1.1,Pacific,Pacific
1332,651,0.0881435410447567,-88.6423102182665,43.5068777256831,-86.6814673707214,41.1007924924936,0.82192944277664,0.733785901731883,2025.30089755485,2025.38904109589,SRR34710267|A/Black_Vulture/VA/25-019364-001-original/2025|H5N1|USA-VA|Unknown|2025-05-23|wild_avian|D1.1,Atlantic,Atlantic
859,169,0.514690075315998,-108.715419035018,42.996377465224,-90.998885272327,39.2820628870846,0.832888346886297,0.318198271570298,2024.88530992468,2025.4,SRR33993059|A/Turkey_Vulture/NY/25-016857-001-original/2025|H5N1|USA-NY|Unknown|2025-05-27|wild_avian|D1.1,Mississippi,Atlantic
1201,518,0.658007871234126,-108.671897125466,32.7625185733195,-105.653413634712,37.9162837547351,0.838367798941011,0.180359927706885,2024.74747158082,2025.40547945205,SRR33993061|A/Red_Fox/CO/25-017245-001-original/2025|H5N1|USA-CO|Unknown|2025-05-29|other_mammal|D1.1,Central,Pacific
718,33,0.465398924819197,-102.268343988379,40.0207700642426,-97.857063489758,34.3964291012137,0.838367798941011,0.372968874121815,2024.94008052724,2025.40547945205,SRR33993066|A/bald_eagle/MI/25-017061-001/2025|H5N1|USA-MI|Osceola|2025-05-29|wild_avian|D1.1,Mississippi,Mississippi
864,176,0.231708810938237,-102.374905419463,44.4792646029366,-102.058614168196,44.6490218066595,0.838367798941011,0.606658988002774,2025.17377064112,2025.40547945205,SRR33993065|A/bald_eagle/MI/25-017061-002/2025|H5N1|USA-MI|Mason|2025-05-29|wild_avian|D1.1,Mississippi,Mississippi
1098,1106,0.0874460842700908,-116.144409113245,37.4488490082781,-102.412060306057,41.641329789086,0.844855710111682,0.757409625841591,2025.32452127896,2025.41196736323,NA,Pacific,Central
1098,1099,0.0892789310690516,-116.144409113245,37.4488490082781,-117.515214005657,38.364713903205,0.846688556910643,0.757409625841591,2025.32452127896,2025.41380021002,NA,Pacific,Pacific
1106,1107,0.00271896674493166,-102.412060306057,41.641329789086,-102.407682981095,41.480080763071,0.847574676856613,0.844855710111682,2025.41196736323,2025.41468632997,NA,Central,Central
880,881,0.00762118106957854,-78.4226113638305,42.8227307920651,-77.1184483694946,40.0955625965056,0.84897575054662,0.841354569477041,2025.40846622259,2025.41608740366,NA,Atlantic,Atlantic
1099,1100,0.0023110744953132,-117.515214005657,38.364713903205,-117.414021467337,38.2737520740423,0.848999631405956,0.846688556910643,2025.41380021002,2025.41611128452,NA,Pacific,Pacific
772,85,0.0508776867235295,-71.2115794942598,42.7454238896441,-71.4376370766271,42.5253669479911,0.849326703050668,0.798449016327139,2025.36556066944,2025.41643835616,SRR34710258|A/Common_Eider/MA/25-019390-025-original/2025|H5N1|USA-MA|Unknown|2025-06-02|wild_avian|D1.1,Atlantic,Atlantic
995,308,0.193206483471749,-75.6004907079827,38.4305295295329,-75.6722093356346,39.2774167381997,0.852066429078026,0.658859945606277,2025.22597159872,2025.41917808219,SRR34270259|A/black_vulture/PA/25-017748-001/2025|H5N1|USA-PA|Lehigh|2025-06-03|wild_avian|D1.1,Atlantic,Atlantic
993,305,0.101224494431524,-75.6894002486186,38.4925473118199,-75.785236067114,38.8844094906296,0.852066429078026,0.750841934646502,2025.31795358776,2025.41917808219,SRR34270258|A/black_vulture/PA/25-017748-002/2025|H5N1|USA-PA|Lehigh|2025-06-03|wild_avian|D1.1,Atlantic,Atlantic
1107,1108,0.00476094313374809,-102.407682981095,41.480080763071,-103.300641435188,41.8339266999786,0.852335619990362,0.847574676856613,2025.41468632997,2025.4194472731,NA,Central,Central
1331,1336,0.179429763904664,-87.728022245611,47.4330712379231,-88.3284519545283,47.3334704484166,0.854767249134097,0.675337485229432,2025.24244913834,2025.42187890225,NA,Atlantic,Atlantic
1221,1222,0.163600087674582,-99.2157576889717,36.7547790320717,-98.4451882286395,37.071985388648,0.8566629151899,0.693062827515318,2025.26017448063,2025.4237745683,NA,Atlantic,Atlantic
864,177,0.250886893129966,-102.374905419463,44.4792646029366,-103.382830588872,45.9851169425096,0.857545881132741,0.606658988002774,2025.17377064112,2025.42465753425,SRR34425901|A/caspian_tern/WI/25-018001-001/2025|H5N1|USA-WI|Door|2025-06-05|wild_avian|D1.1,Mississippi,Mississippi
1266,583,0.0678406305860165,-96.6624782156908,39.2672963512596,-94.753241254294,40.7699341780911,0.857545881132741,0.789705250546724,2025.35681690366,2025.42465753425,SRR34270136|A/chicken/AZ/25-017630-002-original/2025|H5N1|USA-AZ|Unknown|2025-06-05|domestic_avian|D1.1,Pacific,Pacific
1108,1130,0.00588310644182433,-103.300641435188,41.8339266999786,-102.600207194303,42.1224393604572,0.858218726432186,0.852335619990362,2025.4194472731,2025.42533037955,NA,Central,Central
1030,1031,0.0538778419898923,-100.99389757999,39.0341921875676,-100.691217779051,40.0579920320384,0.858410301918273,0.80453245992838,2025.37164411304,2025.42552195503,NA,Central,Central
1218,532,0.511011105942592,-99.8053871907147,35.8753361835884,-99.3520260443487,41.2966959976612,0.860285607160098,0.349274501217506,2024.91638615433,2025.42739726027,SRR34270261|A/turkey_vulture/NC/25-017667-001/2025|H5N1|USA-NC|Durham|2025-06-06|wild_avian|D1.1,Mississippi,Atlantic
772,773,0.065764892381272,-71.2115794942598,42.7454238896441,-71.2044798354462,42.759055203981,0.864213908708411,0.798449016327139,2025.36556066944,2025.43132556182,NA,Atlantic,Atlantic
770,771,0.119375670953145,-72.3302463070346,43.3862984601107,-74.3649294332457,42.8679520742215,0.864488541351007,0.745112870397862,2025.31222452351,2025.43160019446,NA,Atlantic,Atlantic
836,837,0.216642400438955,-114.609293144404,44.8596252317329,-116.846583930619,44.1390187893238,0.864885219395637,0.648242818956682,2025.21535447207,2025.43199687251,NA,Mississippi,Mississippi
1108,1109,0.0132374246291636,-103.300641435188,41.8339266999786,-102.694652848335,39.8336421903903,0.865573044619525,0.852335619990362,2025.4194472731,2025.43268469773,NA,Central,Central
1031,1032,0.0073807355337181,-100.691217779051,40.0579920320384,-101.366237447252,39.6084011011057,0.865791037451991,0.858410301918273,2025.42552195503,2025.43290269057,NA,Central,Central
1109,1110,0.000404428294406456,-102.694652848335,39.8336421903903,-101.753216746161,40.0657070837012,0.865977472913932,0.865573044619525,2025.43268469773,2025.43308912603,NA,Central,Central
852,854,0.62078640470286,-104.988492133554,46.6068974543415,-102.242323235867,45.0088680144399,0.866576822610231,0.245790417907371,2024.81290207102,2025.43368847572,NA,Atlantic,Atlantic
702,15,0.212707635561575,-97.7747097580198,29.2292732969456,-95.2530276114159,31.0036068741958,0.873984237297112,0.661276601735537,2025.22838825485,2025.44109589041,SRR34425894|A/Peregrine_falcon/IL/25-018249-001/2025|H5N1|USA-IL|DuPage|2025-06-11|wild_avian|D1.1,Mississippi,Mississippi
1130,1149,0.0182178359650293,-102.600207194303,42.1224393604572,-102.723151306505,42.8625008151095,0.876436562397215,0.858218726432186,2025.42533037955,2025.44354821551,NA,Central,Central
1106,1190,0.0330722819080723,-102.412060306057,41.641329789086,-102.689129819746,41.9104643099249,0.877927992019754,0.844855710111682,2025.41196736323,2025.44503964513,NA,Central,Central
1130,1131,0.0273503237130313,-102.600207194303,42.1224393604572,-102.029360587428,44.582561873818,0.885569050145217,0.858218726432186,2025.42533037955,2025.45268070326,NA,Central,Central
1109,1119,0.0213712056744185,-102.694652848335,39.8336421903903,-102.464529809619,39.6406196897482,0.886944250293944,0.865573044619525,2025.43268469773,2025.45405590341,NA,Central,Central
1031,1057,0.0290359672316761,-100.691217779051,40.0579920320384,-100.51609910654,40.1322108095658,0.887446269149949,0.858410301918273,2025.42552195503,2025.45455792226,NA,Central,Central
1110,1113,0.0227873458443377,-101.753216746161,40.0657070837012,-101.253035626659,39.9990865993379,0.888764818758269,0.865977472913932,2025.43308912603,2025.45587647187,NA,Central,Central
983,984,0.169680523277932,-80.9875391470881,35.2575951213148,-80.3146645663134,34.5732281408277,0.889070338579592,0.71938981530166,2025.28650146842,2025.45618199169,NA,Atlantic,Atlantic
1032,1033,0.0236047317834096,-101.366237447252,39.6084011011057,-101.71892587084,39.3114122749294,0.8893957692354,0.865791037451991,2025.43290269057,2025.45650742235,NA,Central,Central
1033,1034,0.000164983869243573,-101.71892587084,39.3114122749294,-101.712296440037,39.2919750680833,0.889560753104644,0.8893957692354,2025.45650742235,2025.45667240622,NA,Central,Central
952,953,0.658312952919979,-101.053903866068,42.5747114039213,-92.7616581262919,42.8998421129375,0.89205407012795,0.233741117207971,2024.80085277032,2025.45916572324,NA,Central,Mississippi
1033,1045,0.00685659399578831,-101.71892587084,39.3114122749294,-102.191486119272,39.3956161164904,0.896252363231189,0.8893957692354,2025.45650742235,2025.46336401634,NA,Central,Central
1213,1214,0.712850005118349,-92.245621362761,35.3987178689872,-90.4005191325526,38.4234819285464,0.898011553301788,0.185161548183439,2024.7522732013,2025.46512320642,NA,Central,Central
1131,1132,0.013054420099432,-102.029360587428,44.582561873818,-98.8507663428068,47.6304599439368,0.898623470244649,0.885569050145217,2025.45268070326,2025.46573512336,NA,Central,Central
1119,1120,0.0118468181122328,-102.464529809619,39.6406196897482,-102.632264662406,39.0761962306829,0.898791068406176,0.886944250293944,2025.45405590341,2025.46590272152,NA,Central,Central
1132,1133,0.00522970136209677,-98.8507663428068,47.6304599439368,-98.8981647942951,48.9717584698166,0.903853171606746,0.898623470244649,2025.46573512336,2025.47096482472,NA,Central,Central
1034,1035,0.0143899199901986,-101.712296440037,39.2919750680833,-97.4759300201757,38.9179371381536,0.903950673094842,0.889560753104644,2025.45667240622,2025.47106232621,NA,Central,Mississippi
1100,1101,0.0561837484045231,-117.414021467337,38.2737520740423,-119.428826944237,38.5691429390054,0.905183379810479,0.848999631405956,2025.41611128452,2025.47229503292,NA,Pacific,Pacific
880,203,0.0655063801488146,-78.4226113638305,42.8227307920651,-78.0021403996904,40.7845158322395,0.906860949625856,0.841354569477041,2025.40846622259,2025.47397260274,SRR34542593|A/Caspian_Tern/NY/25-019019-002-original/2025|H5N1|USA-NY|Unknown|2025-06-23|wild_avian|D1.1,Atlantic,Atlantic
1101,1102,0.00263620314484903,-119.428826944237,38.5691429390054,-114.507915604668,38.1887925773177,0.907819582955328,0.905183379810479,2025.47229503292,2025.47493123607,NA,Pacific,Pacific
1149,1156,0.0316017733157792,-102.723151306505,42.8625008151095,-107.395321887384,47.892001184157,0.908038335712994,0.876436562397215,2025.44354821551,2025.47514998883,NA,Central,Central
1057,1058,0.0231924463107924,-100.51609910654,40.1322108095658,-100.382624199715,35.3530013563908,0.910638715460741,0.887446269149949,2025.45455792226,2025.47775036857,NA,Central,Mississippi
1110,1111,0.0460804917655701,-101.753216746161,40.0657070837012,-91.3761826401061,29.9740510010242,0.912057964679502,0.865977472913932,2025.43308912603,2025.47916961779,NA,Central,Mississippi
699,11,0.31343969111446,-93.6872662326491,31.8927912933368,-88.5220570589163,34.4608284668836,0.912340401680798,0.598900710566338,2025.16601236368,2025.47945205479,SRR34542590|A/Domestic_Cat/NJ/25-019482-001-original/2025|H5N1|USA-NJ|Unknown|2025-06-25|feline|D1.1,Mississippi,Atlantic
881,882,0.0634292598237225,-77.1184483694946,40.0955625965056,-75.1907554971126,43.0985824170871,0.912405010370342,0.84897575054662,2025.41608740366,2025.47951666348,NA,Atlantic,Atlantic
1058,1070,0.0043297516791726,-100.382624199715,35.3530013563908,-102.973053670268,34.4159816401325,0.914968467139914,0.910638715460741,2025.47775036857,2025.48208012025,NA,Mississippi,Mississippi
771,82,0.0505915863571484,-74.3649294332457,42.8679520742215,-74.3927714126233,41.3910678735948,0.915080127708155,0.864488541351007,2025.43160019446,2025.48219178082,SRR34980327|A/Herring_Gull/NH/25-021405-002-original/2025|H5N1|USA-NH|Unknown|2025-06-26|wild_avian|D1.1,Atlantic,Atlantic
1133,1136,0.0123624609011584,-98.8981647942951,48.9717584698166,-98.691243505835,47.5836433859242,0.916215632507904,0.903853171606746,2025.47096482472,2025.48332728562,NA,Central,Central
1156,1157,0.00867459604118226,-107.395321887384,47.892001184157,-108.157266930615,47.9095100160261,0.916712931754177,0.908038335712994,2025.47514998883,2025.48382458487,NA,Central,Central
1058,1059,0.00617442934030632,-100.382624199715,35.3530013563908,-100.526918582657,35.1476675046477,0.916813144801047,0.910638715460741,2025.47775036857,2025.48392479791,NA,Mississippi,Mississippi
1035,1036,0.0145459803567841,-97.4759300201757,38.9179371381536,-97.3159352363013,40.6066904938188,0.918496653451627,0.903950673094842,2025.47106232621,2025.48560830657,NA,Mississippi,Mississippi
837,838,0.0549575335116304,-116.846583930619,44.1390187893238,-117.226108353205,44.0524080168647,0.919842752907267,0.864885219395637,2025.43199687251,2025.48695440602,NA,Mississippi,Mississippi
1111,1112,0.00934587125258346,-91.3761826401061,29.9740510010242,-91.3264772856985,32.0242847718991,0.921403835932085,0.912057964679502,2025.47916961779,2025.48851548905,NA,Mississippi,Mississippi
771,81,0.0588107644392206,-74.3649294332457,42.8679520742215,-75.1071874119261,42.3204216183707,0.923299305790227,0.864488541351007,2025.43160019446,2025.4904109589,SRR34980362|A/Common_Eider/ME/25-021406-018-original/2025|H5N1|USA-ME|Unknown|2025-06-29|wild_avian|D1.1,Atlantic,Atlantic
882,883,0.0112020535663858,-75.1907554971126,43.0985824170871,-73.5860012884925,43.9619355007797,0.923607063936728,0.912405010370342,2025.47951666348,2025.49071871705,NA,Atlantic,Atlantic
995,309,0.269918812238893,-75.6004907079827,38.4305295295329,-74.515944599792,42.3470588124034,0.92877875784517,0.658859945606277,2025.22597159872,2025.49589041096,SRR34542496|A/Mallard_Duck/PA/25-019408-006-original/2025|H5N1|USA-PA|Unknown|2025-07-01|wild_avian|D1.1,Atlantic,Atlantic
1036,1038,0.0108902495385816,-97.3159352363013,40.6066904938188,-97.0273392542737,40.4220825901301,0.929386902990208,0.918496653451627,2025.48560830657,2025.4964985561,NA,Mississippi,Mississippi
1059,1060,0.0126020254983051,-100.526918582657,35.1476675046477,-97.6757074720858,38.6243311555854,0.929415170299353,0.916813144801047,2025.48392479791,2025.49652682341,NA,Mississippi,Mississippi
1157,1177,0.0132251490600092,-108.157266930615,47.9095100160261,-110.363280426668,48.8043076899684,0.929938080814186,0.916712931754177,2025.48382458487,2025.49704973393,NA,Central,Central
1120,1121,0.0313791001299686,-102.632264662406,39.0761962306829,-105.231913104047,41.442229308865,0.930170168536145,0.898791068406176,2025.46590272152,2025.49728182165,NA,Central,Central
1060,1061,0.00186011708483169,-97.6757074720858,38.6243311555854,-97.5289577079331,37.8894995940775,0.931275287384184,0.929415170299353,2025.49652682341,2025.4983869405,NA,Mississippi,Mississippi
881,192,0.0825427333259073,-77.1184483694946,40.0955625965056,-74.588910067643,40.6538470221033,0.931518483872527,0.84897575054662,2025.41608740366,2025.49863013699,SRR34784272|A/caspian_tern/NY/25-019811-002/2025|H5N1|USA-NY|Jefferson|2025-07-02|wild_avian|D1.1,Atlantic,Atlantic
773,83,0.0700443011914735,-71.2044798354462,42.759055203981,-74.3964984160949,40.6929163102501,0.934258209899884,0.864213908708411,2025.43132556182,2025.50136986301,SRR34980293|A/Common_Eider/ME/25-021406-010-original/2025|H5N1|USA-ME|Unknown|2025-07-03|wild_avian|D1.1,Atlantic,Atlantic
773,84,0.0727840272188309,-71.2044798354462,42.759055203981,-71.0934474036014,42.8435504591778,0.936997935927242,0.864213908708411,2025.43132556182,2025.50410958904,SRR35089324|A/Great_black-backed_gull/MA/25-021407-023-original/2025|H5N1|USA-MA|Unknown|2025-07-04|wild_avian|D1.1,Atlantic,Atlantic
1070,1071,0.0232128505128317,-102.973053670268,34.4159816401325,-109.021682884596,35.7366802259762,0.938181317652745,0.914968467139914,2025.48208012025,2025.50529297077,NA,Mississippi,Mississippi
1038,1039,0.00988144374818534,-97.0273392542737,40.4220825901301,-97.6706824720683,38.4253352391662,0.939268346738394,0.929386902990208,2025.4964985561,2025.50637999985,NA,Mississippi,Mississippi
1131,1146,0.05666026847092,-102.029360587428,44.582561873818,-99.9005175134405,45.6311101586853,0.942229318616137,0.885569050145217,2025.45268070326,2025.50934097173,NA,Central,Central
1132,1142,0.0473982147714809,-98.8507663428068,47.6304599439368,-99.5718176373093,46.3355268547195,0.94602168501613,0.898623470244649,2025.46573512336,2025.51313333813,NA,Central,Central
1112,423,0.029292730132171,-91.3264772856985,32.0242847718991,-89.8032380271617,36.0741523167497,0.950696566064256,0.921403835932085,2025.48851548905,2025.51780821918,SRR36209098|A/Blue-winged_Teal/OH/25G02925-001-original/2025|H5N1|USA-OH|Unknown|2025-07-09|wild_avian|D1.1,Mississippi,Mississippi
900,215,0.700359783965511,-118.010281336383,45.091805975692,-108.965761424997,32.8017548419696,0.953436292091614,0.253076508126103,2024.82018816124,2025.52054794521,SRR35151399|A/snow_goose/ND/25-020340-001/2025|H5N1|USA-ND|Ward|2025-07-10|wild_avian|D1.1,Mississippi,Central
1061,1062,0.0244910115815961,-97.5289577079331,37.8894995940775,-101.337653352045,36.6757585942648,0.95576629896578,0.931275287384184,2025.4983869405,2025.52287795208,NA,Mississippi,Mississippi
1136,1137,0.0400890379889187,-98.691243505835,47.5836433859242,-97.0662966832333,47.3213317380603,0.956304670496823,0.916215632507904,2025.48332728562,2025.52341632361,NA,Central,Central
767,80,0.313671435952759,-73.0147894531969,41.6109962211162,-72.7106831073407,41.585855108484,0.958915744146556,0.645244308193797,2025.21235596131,2025.52602739726,SRR34980303|A/Common_Eider/NH/25-021405-004-original/2025|H5N1|USA-NH|Unknown|2025-07-12|wild_avian|D1.1,Atlantic,Atlantic
1034,1043,0.0716711316070412,-101.712296440037,39.2919750680833,-102.004101517165,39.0463275921882,0.961231884711685,0.889560753104644,2025.45667240622,2025.52834353783,NA,Central,Central
1043,1044,0.00412401580152222,-102.004101517165,39.0463275921882,-101.928717565073,40.132988674125,0.965355900513207,0.961231884711685,2025.52834353783,2025.53246755363,NA,Central,Central
1045,1046,0.0776255530912203,-102.191486119272,39.3956161164904,-103.973689069648,39.3155737206871,0.973877916322409,0.896252363231189,2025.46336401634,2025.54098956944,NA,Central,Central
1157,1158,0.0602195261492893,-108.157266930615,47.9095100160261,-110.418536993812,47.6497883281254,0.976932457903466,0.916712931754177,2025.48382458487,2025.54404411102,NA,Central,Central
1038,1041,0.0485354013447992,-97.0273392542737,40.4220825901301,-102.23465522075,38.0524402847903,0.977922304335007,0.929386902990208,2025.4964985561,2025.54503395745,NA,Mississippi,Mississippi
1062,1063,0.0225366219092581,-101.337653352045,36.6757585942648,-102.549270214233,35.142213191359,0.978302920875038,0.95576629896578,2025.52287795208,2025.54541457399,NA,Mississippi,Mississippi
1158,1162,0.00605885491154456,-110.418536993812,47.6497883281254,-109.842805605163,47.3072879301427,0.982991312815011,0.976932457903466,2025.54404411102,2025.55010296593,NA,Central,Central
1266,584,0.196607753873633,-96.6624782156908,39.2672963512596,-96.6181838383508,38.2200157250398,0.986313004420357,0.789705250546724,2025.35681690366,2025.55342465753,SRR35150577|A/cattle/AZ/25-021143-001-original-repeat2/2025|H5N1|USA-AZ|Unknown|2025-07-22|cattle|D1.1,Pacific,Pacific
1063,1064,0.00803160403662018,-102.549270214233,35.142213191359,-103.864410498441,36.1175753162076,0.986334524911659,0.978302920875038,2025.54541457399,2025.55344617803,NA,Mississippi,Mississippi
1162,1163,0.00587944540005458,-109.842805605163,47.3072879301427,-108.962013116547,44.1858671346228,0.988870758215065,0.982991312815011,2025.55010296593,2025.55598241133,NA,Central,Pacific
1113,1114,0.101230965884619,-101.253035626659,39.9990865993379,-102.160945489702,41.4057407025127,0.989995784642888,0.888764818758269,2025.45587647187,2025.55710743776,NA,Central,Central
1046,1047,0.0161859391855945,-103.973689069648,39.3155737206871,-98.5447468554337,37.7147928770267,0.990063855508003,0.973877916322409,2025.54098956944,2025.55717550862,NA,Central,Mississippi
1071,1072,0.0528271957844084,-109.021682884596,35.7366802259762,-114.365757258097,45.4482583592129,0.991008513437154,0.938181317652745,2025.50529297077,2025.55812016655,NA,Mississippi,Mississippi
1177,1178,0.0630704710037874,-110.363280426668,48.8043076899684,-110.345777976418,48.8461390913458,0.993008551817973,0.929938080814186,2025.49704973393,2025.56012020493,NA,Central,Central
1047,1048,0.00459902860925665,-98.5447468554337,37.7147928770267,-97.9621464142774,37.9548575217566,0.99466288411726,0.990063855508003,2025.55717550862,2025.56177453723,NA,Mississippi,Mississippi
1062,1065,0.0390074556124463,-101.337653352045,36.6757585942648,-100.596301727028,38.168401790799,0.994773754578227,0.95576629896578,2025.52287795208,2025.56188540769,NA,Mississippi,Mississippi
1163,1164,0.0066632132834713,-108.962013116547,44.1858671346228,-108.195126897715,40.8261641774822,0.995533971498536,0.988870758215065,2025.55598241133,2025.56264562461,NA,Pacific,Central
1036,1037,0.0773051974413905,-97.3159352363013,40.6066904938188,-94.5997957629391,38.4263302009712,0.995801850893017,0.918496653451627,2025.48560830657,2025.56291350401,NA,Mississippi,Mississippi
1177,1189,0.0680985357857146,-110.363280426668,48.8043076899684,-112.204222326943,47.8904261506886,0.9980366165999,0.929938080814186,2025.49704973393,2025.56514826971,NA,Central,Central
1120,1127,0.0998739262338637,-102.632264662406,39.0761962306829,-98.7427374291164,44.7381850953087,0.99866499464004,0.898791068406176,2025.46590272152,2025.56577664775,NA,Central,Pacific
1164,1166,0.00460663064604272,-108.195126897715,40.8261641774822,-108.980336218154,48.2547728804152,1.00014060214458,0.995533971498536,2025.56264562461,2025.56725225526,NA,Central,Pacific
1178,1185,0.00848201550563443,-110.345777976418,48.8461390913458,-110.322812444816,48.5836618956996,1.00149056732361,0.993008551817973,2025.56012020493,2025.56860222044,NA,Central,Central
1149,1150,0.125372755948875,-102.723151306505,42.8625008151095,-102.080353859063,39.8663555532685,1.00180931834609,0.876436562397215,2025.44354821551,2025.56892097146,NA,Central,Central
1065,1066,0.0073609723129644,-100.596301727028,38.168401790799,-100.333984991356,39.4063929895861,1.00213472689119,0.994773754578227,2025.56188540769,2025.56924638001,NA,Mississippi,Mississippi
1065,1067,0.00742177324235205,-100.596301727028,38.168401790799,-100.614197022411,38.0327647584619,1.00219552782058,0.994773754578227,2025.56188540769,2025.56930718093,NA,Mississippi,Mississippi
1158,1159,0.0261644261415794,-110.418536993812,47.6497883281254,-100.535750745035,48.9876365776034,1.00309688404505,0.976932457903466,2025.54404411102,2025.57020853716,NA,Central,Pacific
1146,1147,0.0608747047235668,-99.9005175134405,45.6311101586853,-100.884963669386,45.1584126418097,1.0031040233397,0.942229318616137,2025.50934097173,2025.57021567645,NA,Central,Central
1150,1152,0.00164570436176126,-102.080353859063,39.8663555532685,-101.768147448895,40.0574669904759,1.00345502270785,1.00180931834609,2025.56892097146,2025.57056667582,NA,Central,Central
1190,1191,0.126513080369366,-102.689129819746,41.9104643099249,-75.9912619208069,42.6964486218792,1.00444107238912,0.877927992019754,2025.44503964513,2025.5715527255,NA,Central,Atlantic
1147,1148,0.00172395595530928,-100.884963669386,45.1584126418097,-101.210173953606,44.8563257342742,1.00482797929501,1.0031040233397,2025.57021567645,2025.57193963241,NA,Central,Central
1152,1153,0.00189380298997022,-101.768147448895,40.0574669904759,-101.599943635263,40.0886469465195,1.00534882569782,1.00345502270785,2025.57056667582,2025.57246047881,NA,Central,Central
1185,1186,0.00387692587106869,-110.322812444816,48.5836618956996,-110.285672612859,48.5665960507485,1.00536749319468,1.00149056732361,2025.56860222044,2025.57247914631,NA,Central,Central
981,982,0.109395009790015,-77.0252522437911,35.570322286058,-81.007912613085,35.0450444968943,1.00596143707609,0.896566427286077,2025.4636780804,2025.57307309019,NA,Atlantic,Atlantic
1072,1074,0.0154624710780059,-114.365757258097,45.4482583592129,-115.0547783566,46.2794348933508,1.00647098451516,0.991008513437154,2025.55812016655,2025.57358263763,NA,Mississippi,Mississippi
1074,1075,0.00010720239147366,-115.0547783566,46.2794348933508,-115.117986869635,46.2576900050242,1.00657818690663,1.00647098451516,2025.57358263763,2025.57368984002,NA,Mississippi,Mississippi
1047,1051,0.01663222684683,-98.5447468554337,37.7147928770267,-98.8883576148032,37.6299332050959,1.00669608235483,0.990063855508003,2025.55717550862,2025.57380773547,NA,Mississippi,Mississippi
1153,1154,0.00221919534677339,-101.599943635263,40.0886469465195,-102.892166513136,45.1685549409966,1.00756802104459,1.00534882569782,2025.57246047881,2025.57467967416,NA,Central,Pacific
837,840,0.142693241674652,-116.846583930619,44.1390187893238,-119.238680709506,46.321064262934,1.00757846107029,0.864885219395637,2025.43199687251,2025.57469011418,NA,Mississippi,Mississippi
1178,1179,0.0148080082943967,-110.345777976418,48.8461390913458,-111.33595370852,48.3695574012634,1.00781656011237,0.993008551817973,2025.56012020493,2025.57492821323,NA,Central,Central
1133,1134,0.104646274355491,-98.8981647942951,48.9717584698166,-98.1566920610863,40.2542792875383,1.00849944596224,0.903853171606746,2025.47096482472,2025.57561109908,NA,Central,Pacific
1075,1076,0.00263699541108764,-115.117986869635,46.2576900050242,-113.899245705744,45.8112707385623,1.00921518231772,1.00657818690663,2025.57368984002,2025.57632683543,NA,Mississippi,Mississippi
997,998,0.0816734581799821,-77.4703666164914,39.3603995417162,-79.3556245862064,37.1510619981583,1.00971109820369,0.928037640023703,2025.49514929314,2025.57682275132,NA,Atlantic,Atlantic
1051,1052,0.00304478246696838,-98.8883576148032,37.6299332050959,-99.6886044287303,37.2508068314252,1.0097408648218,1.00669608235483,2025.57380773547,2025.57685251794,NA,Mississippi,Mississippi
1134,1135,0.00150868482855326,-98.1566920610863,40.2542792875383,-96.6315714727262,39.8515256936206,1.01000813079079,1.00849944596224,2025.57561109908,2025.5771197839,NA,Pacific,Pacific
882,890,0.0981270717111856,-75.1907554971126,43.0985824170871,-74.8869986904233,39.9845908488067,1.01053208208153,0.912405010370342,2025.47951666348,2025.5776437352,NA,Atlantic,Atlantic
1052,1053,0.000821949433498892,-99.6886044287303,37.2508068314252,-99.4454504756036,37.0704100541245,1.0105628142553,1.0097408648218,2025.57685251794,2025.57767446737,NA,Mississippi,Mississippi
1191,1192,0.00647561631357374,-75.9912619208069,42.6964486218792,-76.4306653198712,41.9189251377294,1.01091668870269,1.00444107238912,2025.5715527255,2025.57802834182,NA,Atlantic,Atlantic
885,886,0.0139559031369723,-77.6529956901172,41.7570542234997,-75.8411707349832,39.072960363912,1.01180480905838,0.997848905921406,2025.56496055904,2025.57891646217,NA,Atlantic,Atlantic
1142,1143,0.0661690112835791,-99.5718176373093,46.3355268547195,-108.712780376775,45.0195426590001,1.01219069629971,0.94602168501613,2025.51313333813,2025.57930234941,NA,Central,Pacific
1166,1167,0.0120973880403366,-108.980336218154,48.2547728804152,-108.477979482359,48.1875844423871,1.01223799018492,1.00014060214458,2025.56725225526,2025.5793496433,NA,Pacific,Pacific
1075,1083,0.00595295026865728,-115.117986869635,46.2576900050242,-115.30603362396,47.9093284817381,1.01253113717529,1.00657818690663,2025.57368984002,2025.57964279029,NA,Mississippi,Mississippi
1114,1115,0.0230153137463489,-102.160945489702,41.4057407025127,-103.362138758945,41.9228541631265,1.01301109838924,0.989995784642888,2025.55710743776,2025.5801227515,NA,Central,Central
1121,1124,0.0843371541023186,-105.231913104047,41.442229308865,-105.198399586396,40.750104755936,1.01450732263846,0.930170168536145,2025.49728182165,2025.58161897575,NA,Central,Central
999,1000,0.0452545547652352,-74.9422205932535,41.0972201023892,-74.1186023556209,41.8529620143823,1.0157343562908,0.970479801525569,2025.53759145464,2025.5828460094,NA,Atlantic,Atlantic
1186,1188,0.0141477654716722,-110.285672612859,48.5665960507485,-110.331221335863,48.5184364786393,1.01951525866635,1.00536749319468,2025.57247914631,2025.58662691178,NA,Central,Central
1124,1125,0.00660051848920373,-105.198399586396,40.750104755936,-106.598236180956,41.8392285666882,1.02110784112767,1.01450732263846,2025.58161897575,2025.58821949424,NA,Central,Central
1150,1151,0.019321583152804,-102.080353859063,39.8663555532685,-99.0952034592798,37.3331446262318,1.02113090149889,1.00180931834609,2025.56892097146,2025.58824255461,NA,Central,Central
1000,1001,0.0079343613914904,-74.1186023556209,41.8529620143823,-74.9594425087612,40.3112465502534,1.02366871768229,1.0157343562908,2025.5828460094,2025.5907803708,NA,Atlantic,Atlantic
1124,1126,0.00919793303224425,-105.198399586396,40.750104755936,-105.054653109961,40.9823588057763,1.02370525567071,1.01450732263846,2025.58161897575,2025.59081690878,NA,Central,Central
1167,1168,0.0135451437641601,-108.477979482359,48.1875844423871,-106.271139834747,44.8916028494947,1.02578313394908,1.01223799018492,2025.5793496433,2025.59289478706,NA,Pacific,Pacific
1168,1169,0.00148262672302568,-106.271139834747,44.8916028494947,-106.345374450523,44.8727003628948,1.0272657606721,1.02578313394908,2025.59289478706,2025.59437741379,NA,Pacific,Pacific
1154,1155,0.0199195969479935,-102.892166513136,45.1685549409966,-103.882484225144,44.7017652991389,1.02748761799259,1.00756802104459,2025.57467967416,2025.59459927111,NA,Pacific,Pacific
1076,1078,0.0184794849278918,-113.899245705744,45.8112707385623,-111.994718854723,45.9198123715463,1.02769466724561,1.00921518231772,2025.57632683543,2025.59480632036,NA,Mississippi,Mississippi
1186,1187,0.0232432642264633,-110.285672612859,48.5665960507485,-109.87451261561,37.2104365879017,1.02861075742114,1.00536749319468,2025.57247914631,2025.59572241054,NA,Central,Mississippi
1078,1082,0.00259910697260546,-111.994718854723,45.9198123715463,-112.085798376762,45.6166870535749,1.03029377421822,1.02769466724561,2025.59480632036,2025.59740542733,NA,Mississippi,Mississippi
1051,1054,0.0246355188383991,-98.8883576148032,37.6299332050959,-96.1278118155143,39.0759905026839,1.03133160119323,1.00669608235483,2025.57380773547,2025.59844325431,NA,Mississippi,Mississippi
1078,1079,0.00420677496954736,-111.994718854723,45.9198123715463,-111.974260465859,45.8831768404267,1.03190144221516,1.02769466724561,2025.59480632036,2025.59901309533,NA,Mississippi,Mississippi
1048,1049,0.037377859840512,-97.9621464142774,37.9548575217566,-98.1786151919749,37.2035527793282,1.03204074395777,0.99466288411726,2025.56177453723,2025.59915239707,NA,Mississippi,Mississippi
1127,1128,0.0345741497417826,-98.7427374291164,44.7381850953087,-98.5453948391023,44.6224235276702,1.03323914438182,0.99866499464004,2025.56577664775,2025.6003507975,NA,Pacific,Pacific
1179,1180,0.0255867843725319,-111.33595370852,48.3695574012634,-110.217740802427,46.8575944703922,1.0334033444849,1.00781656011237,2025.57492821323,2025.6005149976,NA,Central,Central
1001,1002,0.0165352065064051,-74.9594425087612,40.3112465502534,-75.1140698299363,40.8228184062977,1.0402039241887,1.02366871768229,2025.5907803708,2025.6073155773,NA,Atlantic,Atlantic
1039,1040,0.10134031186151,-97.6706824720683,38.4253352391662,-102.394767955433,38.3058898589487,1.0406086585999,0.939268346738394,2025.50637999985,2025.60772031171,NA,Mississippi,Mississippi
1054,1055,0.0115162118480556,-96.1278118155143,39.0759905026839,-95.6026141112729,39.0557564970055,1.04284781304129,1.03133160119323,2025.59844325431,2025.60995946616,NA,Mississippi,Mississippi
886,887,0.0327303520363911,-75.8411707349832,39.072960363912,-79.2149732572042,40.0870065815541,1.04453516109477,1.01180480905838,2025.57891646217,2025.61164681421,NA,Atlantic,Atlantic
1136,1138,0.128406068806047,-98.691243505835,47.5836433859242,-112.319362997375,48.2840268143885,1.04462170131395,0.916215632507904,2025.48332728562,2025.61173335443,NA,Central,Mississippi
1138,1139,0.000651777529764974,-112.319362997375,48.2840268143885,-111.830639508961,48.0879018518612,1.04527347884372,1.04462170131395,2025.61173335443,2025.61238513196,NA,Mississippi,Mississippi
998,310,0.0368758788194437,-79.3556245862064,37.1510619981583,-81.6753299684836,36.6372738025934,1.04658697702313,1.00971109820369,2025.57682275132,2025.61369863014,SRR35319489|A/Black_Vulture/PA/25-023113-001-original/2025|H5N1|USA-PA|Unknown|2025-08-13|wild_avian|D1.1,Atlantic,Atlantic
1049,1050,0.0159340038194289,-98.1786151919749,37.2035527793282,-93.374043098119,36.0850996259276,1.0479747477772,1.03204074395777,2025.59915239707,2025.61508640089,NA,Mississippi,Mississippi
688,6,0.837481389967808,-82.5868433279894,34.4597127245952,-81.0539695734995,32.0171314596916,1.04932670305049,0.211845313082679,2024.7789569662,2025.61643835616,SRR35949988|A/duck_mallard/ID/25-023507-024/2025|H5N1|USA-ID|Cassia|2025-08-14|wild_avian|D1.1,Pacific,Pacific
982,294,0.0433652659743944,-81.007912613085,35.0450444968943,-81.0926185479506,35.31735001284,1.04932670305049,1.00596143707609,2025.57307309019,2025.61643835616,SRR35949967|A/Black_Vulture/NC/25-023724-001-original/2025|H5N1|USA-NC|Unknown|2025-08-14|wild_avian|D1.1,Atlantic,Atlantic
1055,1056,0.00896049322690273,-95.6026141112729,39.0557564970055,-94.8141033011452,38.2419925873922,1.05180830626819,1.04284781304129,2025.60995946616,2025.61891995938,NA,Mississippi,Mississippi
1222,1223,0.196895505014742,-98.4451882286395,37.071985388648,-98.5078945685276,38.181996626981,1.05355842020464,0.8566629151899,2025.4237745683,2025.62067007332,NA,Atlantic,Atlantic
1002,1003,0.0170628905898096,-75.1140698299363,40.8228184062977,-74.8646954946332,40.1838778598652,1.05726681477851,1.0402039241887,2025.6073155773,2025.62437846789,NA,Atlantic,Atlantic
877,190,0.276843790013699,-105.520292173557,41.2695059621215,-106.259531550992,41.0614892992037,1.06028560716014,0.783441817146445,2025.35055347026,2025.62739726027,SRR35950029|A/Bald_Eagle/NY/25-023581-001-original/2025|H5N1|USA-NY|Unknown|2025-08-18|wild_avian|D1.1,Atlantic,Atlantic
1001,313,0.0393566155052061,-74.9594425087612,40.3112465502534,-74.8632555585524,40.3102774937348,1.0630253331875,1.02366871768229,2025.5907803708,2025.6301369863,SRR35950028|A/Black_Vulture/NJ/25-023587-001-original/2025|H5N1|USA-NJ|Unknown|2025-08-19|wild_avian|D1.1,Atlantic,Atlantic
1002,314,0.022821408998801,-75.1140698299363,40.8228184062977,-75.0672326405248,40.8305128311331,1.0630253331875,1.0402039241887,2025.6073155773,2025.6301369863,SRR35949975|A/Black_Vulture/NJ/25-023587-003-original/2025|H5N1|USA-NJ|Unknown|2025-08-19|wild_avian|D1.1,Atlantic,Atlantic
1079,1080,0.0321251902402286,-111.974260465859,45.8831768404267,-107.832133672166,37.7801364117477,1.06402663245539,1.03190144221516,2025.59901309533,2025.63113828557,NA,Mississippi,Mississippi
838,839,0.144366874700366,-117.226108353205,44.0524080168647,-117.815255140419,40.6524217631701,1.06420962760763,0.919842752907267,2025.48695440602,2025.63132128072,NA,Mississippi,Mississippi
1121,1122,0.137898598364988,-105.231913104047,41.442229308865,-95.8842443240519,45.4936636084235,1.06806876690113,0.930170168536145,2025.49728182165,2025.63518042001,NA,Central,Mississippi
887,194,0.0239696241476735,-79.2149732572042,40.0870065815541,-79.5386157253107,39.9389490494629,1.06850478524244,1.04453516109477,2025.61164681421,2025.63561643836,SRR35318191|A/chicken/NY/25-023583-002-original/2025|H5N1|USA-NY|Unknown|2025-08-21|domestic_avian|D1.1,Atlantic,Atlantic
1067,1068,0.0683054075325291,-100.614197022411,38.0327647584619,-101.988568922523,37.7411526350337,1.07050093535311,1.00219552782058,2025.56930718093,2025.63761258847,NA,Mississippi,Mississippi
1115,1116,0.0605184742686866,-103.362138758945,41.9228541631265,-103.881026188301,41.2320015584948,1.07352957265792,1.01301109838924,2025.5801227515,2025.64064122577,NA,Central,Central
1080,1081,0.010095477228895,-107.832133672166,37.7801364117477,-108.950385154494,37.7025768059104,1.07412210968428,1.06402663245539,2025.63113828557,2025.6412337628,NA,Mississippi,Mississippi
840,841,0.0665949302614433,-119.238680709506,46.321064262934,-118.842983391361,45.5137803995696,1.07417339133173,1.00757846107029,2025.57469011418,2025.64128504445,NA,Mississippi,Mississippi
1139,1140,0.0289164946007323,-111.830639508961,48.0879018518612,-104.69239653688,47.1557410933404,1.07418997344445,1.04527347884372,2025.61238513196,2025.64130162656,NA,Mississippi,Central
1164,1165,0.083748787028359,-108.195126897715,40.8261641774822,-105.818439532902,38.1277935887075,1.0792827585269,0.995533971498536,2025.56264562461,2025.64639441164,NA,Central,Pacific
1128,1129,0.0470871498354948,-98.5453948391023,44.6224235276702,-99.7247040571695,46.3568859041677,1.08032629421732,1.03323914438182,2025.6003507975,2025.64743794733,NA,Pacific,Pacific
1050,356,0.0342286676022563,-93.374043098119,36.0850996259276,-94.1935075054607,36.7702882015692,1.08220341537946,1.0479747477772,2025.61508640089,2025.64931506849,SRR35318189|A/Turkey/SD/25-023747-001-original/2025|H5N1|USA-SD|Unknown|2025-08-26|domestic_avian|D1.1,Mississippi,Central
1166,1172,0.0841268824358843,-108.980336218154,48.2547728804152,-109.703546288328,45.7927562085737,1.08426748458046,1.00014060214458,2025.56725225526,2025.65137913769,NA,Pacific,Pacific
1180,1181,0.0560318399343367,-110.217740802427,46.8575944703922,-91.0979397019874,44.5001380242092,1.08943518441924,1.0334033444849,2025.6005149976,2025.65654683753,NA,Central,Mississippi
1223,535,0.0368641732568875,-98.5078945685276,38.181996626981,-97.9672456728938,34.9691372852048,1.09042259346153,1.05355842020464,2025.62067007332,2025.65753424658,SRR35949432|A/chicken/GA/25-024057-002-original/2025|H5N1|USA-GA|Unknown|2025-08-29|domestic_avian|D1.1,Atlantic,Atlantic
1122,1123,0.0224514212669789,-95.8842443240519,45.4936636084235,-95.0573066920738,46.6602904603313,1.09052018816811,1.06806876690113,2025.63518042001,2025.65763184128,NA,Mississippi,Mississippi
1060,379,0.163747149189534,-97.6757074720858,38.6243311555854,-99.1075999460748,33.3548656748712,1.09316231948889,0.929415170299353,2025.49652682341,2025.6602739726,SRR35949426|A/Domestic_Grower/Meat-type_Turkey/ND/25-024186-001-original/2025|H5N1|USA-ND|Unknown|2025-08-30|domestic_avian|D1.1,Mississippi,Central
1181,1182,0.00439570187458083,-91.0979397019874,44.5001380242092,-92.5323919197653,48.1354502558109,1.09383088629382,1.08943518441924,2025.65654683753,2025.66094253941,NA,Mississippi,Mississippi
1041,1042,0.116582936071908,-102.23465522075,38.0524402847903,-113.257279282363,46.2295988435585,1.09450524040692,0.977922304335007,2025.54503395745,2025.66161689352,NA,Mississippi,Central
1066,373,0.0937673186250532,-100.333984991356,39.4063929895861,-101.418131745334,35.8059138383667,1.09590204551624,1.00213472689119,2025.56924638001,2025.66301369863,SRR35949424|A/Domestic_Grower/Meat-type_Turkey/SD/25-024189-001-original/2025|H5N1|USA-SD|Unknown|2025-08-31|domestic_avian|D1.1,Mississippi,Central
1061,369,0.170106210187002,-97.5289577079331,37.8894995940775,-81.8317199447986,33.6299589317021,1.10138149757119,0.931275287384184,2025.4983869405,2025.66849315068,SRR36211907|A/Canada_Goose/UT/25-024323-001-original/2025|H5N1|USA-UT|Unknown|2025-09-02|wild_avian|D1.1,Mississippi,Pacific
1162,1176,0.118711796036532,-109.842805605163,47.3072879301427,-110.352986497333,45.3525452892914,1.10170310885154,0.982991312815011,2025.55010296593,2025.66881476197,NA,Central,Pacific
1140,1141,0.0275378768653376,-104.69239653688,47.1557410933404,-104.329839985207,46.4472254015853,1.10172785030979,1.07418997344445,2025.64130162656,2025.66883950342,NA,Central,Central
1180,1184,0.07019103686673,-110.217740802427,46.8575944703922,-111.992632234272,47.178677106024,1.10359438135163,1.0334033444849,2025.6005149976,2025.67070603447,NA,Central,Central
1181,1183,0.0144742470051362,-91.0979397019874,44.5001380242092,-91.7684308977258,44.5653259905896,1.10390943142437,1.08943518441924,2025.65654683753,2025.67102108454,NA,Mississippi,Mississippi
1116,1118,0.0325902974871555,-103.881026188301,41.2320015584948,-97.6009680199861,39.8308753254778,1.10611987014508,1.07352957265792,2025.64064122577,2025.67323152326,NA,Central,Central
1167,1171,0.0941334679084622,-108.477979482359,48.1875844423871,-101.478615108904,45.2239119948162,1.10637145809338,1.01223799018492,2025.5793496433,2025.67348311121,NA,Pacific,Central
1100,419,0.257861318219945,-117.414021467337,38.2737520740423,-115.374655837097,39.1368458865932,1.1068609496259,0.848999631405956,2025.41611128452,2025.67397260274,SRR35705730|A/Mallard_Duck/ID/25-024960-007-original/2025|H5N1|USA-ID|Unknown|2025-09-04|wild_avian|D1.1,Pacific,Pacific
1057,367,0.22215440650331,-100.51609910654,40.1322108095658,-99.4173385643868,43.4422085036953,1.10960067565326,0.887446269149949,2025.45455792226,2025.67671232877,SRR35705007|A/Turkey/SD/25-024863-004-original/2025|H5N1|USA-SD|Unknown|2025-09-05|domestic_avian|D1.1,Central,Central
984,298,0.223270063101024,-80.3146645663134,34.5732281408277,-79.4745123024675,37.2138183646361,1.11234040168062,0.889070338579592,2025.45618199169,2025.67945205479,SRR35705677|A/Black_Vulture/NC/25-025013-001-original/2025|H5N1|USA-NC|Unknown|2025-09-06|wild_avian|D1.1,Atlantic,Atlantic
1064,371,0.126005876768957,-103.864410498441,36.1175753162076,-106.426759741004,38.5467959605413,1.11234040168062,0.986334524911659,2025.55344617803,2025.67945205479,SRR35705728|A/blue-winged_Teal/IL/25-025061-004-original/2025|H5N1|USA-IL|Unknown|2025-09-06|wild_avian|D1.1,Mississippi,Mississippi
999,318,0.147340052209989,-74.9422205932535,41.0972201023892,-74.926560727582,43.0647454539093,1.11781985373556,0.970479801525569,2025.53759145464,2025.68493150685,SRR36212204|A/Black_Vulture/PA/25-025223-001-original/2025|H5N1|USA-PA|Unknown|2025-09-08|wild_avian|D1.1,Atlantic,Atlantic
1042,350,0.0260543393559998,-113.257279282363,46.2295988435585,-114.27412221582,46.7010934152563,1.12055957976292,1.09450524040692,2025.66161689352,2025.68767123288,SRR36212521|A/Mallard_Duck/CO/25-025267-001-original/2025|H5N1|USA-CO|Unknown|2025-09-09|wild_avian|D1.1,Central,Central
745,61,0.604214786196523,-90.6499279010939,31.7682005014189,-89.7129827517744,31.4799965063145,1.12329930579027,0.51908451959375,2025.08619617271,2025.6904109589,SRR35705785|A/Vulture/MD/25-024862-001-original/2025|H5N1|USA-MD|Unknown|2025-09-10|wild_avian|D1.1,Atlantic,Atlantic
1059,368,0.206486160989225,-100.526918582657,35.1476675046477,-92.1117935412707,36.2966759247268,1.12329930579027,0.916813144801047,2025.48392479791,2025.6904109589,SRR35705788|A/Swainson_s_Hawk/ND/25-024871-001-original/2025|H5N1|USA-ND|Unknown|2025-09-10|other|D1.1,Mississippi,Central
1119,442,0.239094781523687,-102.464529809619,39.6406196897482,-101.74275294768,38.4479878477354,1.12603903181763,0.886944250293944,2025.45405590341,2025.69315068493,SRR36212532|A/Mallard_Duck/WY/25-025186-001-original/2025|H5N1|USA-WY|Unknown|2025-09-11|wild_avian|D1.1,Central,Central
1003,315,0.068772217039121,-74.8646954946332,40.1838778598652,-75.4608556471494,41.7663163718061,1.12603903181763,1.05726681477851,2025.62437846789,2025.69315068493,SRR36212431|A/Black_Vulture/NJ/25-025220-003-original/2025|H5N1|USA-NJ|Unknown|2025-09-11|wild_avian|D1.1,Atlantic,Atlantic
1003,316,0.068772217039121,-74.8646954946332,40.1838778598652,-75.5515327755626,39.0837889845483,1.12603903181763,1.05726681477851,2025.62437846789,2025.69315068493,SRR36212060|A/Black_Vulture/NJ/25-025220-002-original/2025|H5N1|USA-NJ|Unknown|2025-09-11|wild_avian|D1.1,Atlantic,Atlantic
1080,385,0.0647521253898262,-107.832133672166,37.7801364117477,-115.856777455026,38.8328039151965,1.12877875784522,1.06402663245539,2025.63113828557,2025.69589041096,SRR36211905|A/Canada_Goose/ND/25-025249-001-original/2025|H5N1|USA-ND|Unknown|2025-09-12|wild_avian|D1.1,Mississippi,Central
1044,351,0.166162583359365,-101.928717565073,40.132988674125,-105.221390900127,38.0451524234869,1.13151848387257,0.965355900513207,2025.53246755363,2025.69863013699,SRR36211787|A/blue_winged_teal/KS/25-025843-026/2025|H5N1|USA-KS|Barton|2025-09-13|wild_avian|D1.1,Central,Central
1044,352,0.166162583359365,-101.928717565073,40.132988674125,-99.6239715691578,42.6095312473444,1.13151848387257,0.965355900513207,2025.53246755363,2025.69863013699,SRR36211782|A/blue_winged_teal/KS/25-025843-038/2025|H5N1|USA-KS|Barton|2025-09-13|wild_avian|D1.1,Central,Central
1050,357,0.0890231881500863,-93.374043098119,36.0850996259276,-96.3149839237774,36.5183277844672,1.13699793592729,1.0479747477772,2025.61508640089,2025.70410958904,SRR36212111|A/mallard_duck/MN/25-025867-005/2025|H5N1|USA-MN|Scott|2025-09-15|wild_avian|D1.1,Mississippi,Mississippi
1147,461,0.136633638614941,-100.884963669386,45.1584126418097,-103.787556726174,30.6655754280971,1.13973766195464,1.0031040233397,2025.57021567645,2025.70684931507,SRR36211763|A/Gadwell/NV/25G01828-004-original/2025|H5N1|USA-NV|Unknown|2025-09-16|wild_avian|D1.1,Central,Pacific
1049,355,0.107696917996873,-98.1786151919749,37.2035527793282,-98.1926153594932,36.8861871043835,1.13973766195464,1.03204074395777,2025.59915239707,2025.70684931507,SRR36211924|A/Red-tailed_Hawk/IA/25-025278-001-original/2025|H5N1|USA-IA|Unknown|2025-09-16|wild_avian|D1.1,Mississippi,Mississippi
1076,1077,0.132482706699265,-113.899245705744,45.8112707385623,-114.981479033375,46.2555674244954,1.14169788901699,1.00921518231772,2025.57632683543,2025.70880954213,NA,Mississippi,Mississippi
1165,474,0.0631946294551069,-105.818439532902,38.1277935887075,-107.215488735876,38.8110684380273,1.142477387982,1.0792827585269,2025.64639441164,2025.7095890411,SRR36212466|A/Great_horned_Owl/MT/25-025599-001-original/2025|H5N1|USA-MT|Unknown|2025-09-17|wild_avian|D1.1,Pacific,Pacific
1055,362,0.102369300968299,-95.6026141112729,39.0557564970055,-104.781039362698,44.340447816132,1.14521711400959,1.04284781304129,2025.60995946616,2025.71232876712,SRR36211892|A/Mallard_Duck/OH/25-025982-002-original/2025|H5N1|USA-OH|Unknown|2025-09-18|wild_avian|D1.1,Mississippi,Mississippi
1077,383,0.00351922499260038,-114.981479033375,46.2555674244954,-115.464697990144,46.1069404775186,1.14521711400959,1.14169788901699,2025.70880954213,2025.71232876712,SRR36212068|A/wood_duck/MI/25-025965-014/2025|H5N1|USA-MI|Saginaw|2025-09-18|wild_avian|D1.1,Mississippi,Mississippi
1143,1145,0.135069012053243,-108.712780376775,45.0195426590001,-79.0599466922965,33.6341674643253,1.14725970835295,1.01219069629971,2025.57930234941,2025.71437136147,NA,Pacific,Atlantic
1068,1069,0.0846660685114966,-101.988568922523,37.7411526350337,-101.693634457399,36.3329947994537,1.1551670038646,1.07050093535311,2025.63761258847,2025.72227865698,NA,Mississippi,Mississippi
1045,366,0.259923654887828,-102.191486119272,39.3956161164904,-111.81108293644,38.188288248493,1.15617601811902,0.896252363231189,2025.46336401634,2025.72328767123,SRR36211605|A/American_blue-winged_Teal/LA/25G01386-003-original/2025|H5N1|USA-LA|Unknown|2025-09-22|wild_avian|D1.1,Central,Mississippi
838,151,0.236333265211749,-117.226108353205,44.0524080168647,-117.519513355508,41.9354682922875,1.15617601811902,0.919842752907267,2025.48695440602,2025.72328767123,SRR36211881|A/Black_Vulture/OH/25-026070-003-original/2025|H5N1|USA-OH|Unknown|2025-09-22|wild_avian|D1.1,Mississippi,Mississippi
1127,438,0.157511023478976,-98.7427374291164,44.7381850953087,-87.2255665516484,45.8289533490692,1.15617601811902,0.99866499464004,2025.56577664775,2025.72328767123,SRR36212227|A/Great_horned_Owl/WA/25G01455-001-original/2025|H5N1|USA-WA|Unknown|2025-09-22|wild_avian|D1.1,Pacific,Pacific
1077,384,0.0172178551293873,-114.981479033375,46.2555674244954,-115.022005771935,46.3162989434566,1.15891574414637,1.14169788901699,2025.70880954213,2025.72602739726,SRR36211854|A/wood_duck/MI/25G01274-008/2025|H5N1|USA-MI|Saginaw|2025-09-23|wild_avian|D1.1,Mississippi,Mississippi
1032,341,0.295864432721968,-101.366237447252,39.6084011011057,-117.26278341384,48.8972105485955,1.16165547017396,0.865791037451991,2025.43290269057,2025.72876712329,SRR36212429|A/blue-winged_Teal/FL/25-026196-001-original/2025|H5N1|USA-FL|Unknown|2025-09-24|wild_avian|D1.1,Central,Atlantic
1052,361,0.151914605352157,-99.6886044287303,37.2508068314252,-98.7945691834172,37.8042656732045,1.16165547017396,1.0097408648218,2025.57685251794,2025.72876712329,SRR36212149|A/Mallard_Duck/WI/25G02258-001-original/2025|H5N1|USA-WI|Unknown|2025-09-24|wild_avian|D1.1,Mississippi,Mississippi
1105,416,0.149719876767658,-124.178151139594,47.7078310393674,-122.2024509057,47.0543579651305,1.16165547017396,1.0119355934063,2025.57904724652,2025.72876712329,SRR36212382|A/wild_goose/WA/25G01700-001-original/2025|H5N1|USA-WA|Unknown|2025-09-24|wild_avian|D1.1,Pacific,Pacific
839,153,0.0974458425663252,-117.815255140419,40.6524217631701,-117.072198804914,41.2262034030288,1.16165547017396,1.06420962760763,2025.63132128072,2025.72876712329,SRR36212441|A/Black_Vulture/IN/25G01314-001-original/2025|H5N1|USA-IN|Unknown|2025-09-24|wild_avian|D1.1,Mississippi,Mississippi
1123,432,0.0711352820058471,-95.0573066920738,46.6602904603313,-100.28146798037,32.0617769651195,1.16165547017396,1.09052018816811,2025.65763184128,2025.72876712329,SRR36406419|A/american_green_winged_teal/NY/25G02842-011/2025|H5N1|USA-NY|Jefferson|2025-09-24|wild_avian|D1.1,Mississippi,Atlantic
1053,360,0.153832381946015,-99.4454504756036,37.0704100541245,-99.531135141993,36.180364970014,1.16439519620132,1.0105628142553,2025.57767446737,2025.73150684932,SRR36212424|A/Canada_Goose/IL/25-026184-001-original/2025|H5N1|USA-IL|Unknown|2025-09-25|wild_avian|D1.1,Mississippi,Mississippi
841,156,0.0902218048695835,-118.842983391361,45.5137803995696,-123.049538451255,45.9853055939418,1.16439519620132,1.07417339133173,2025.64128504445,2025.73150684932,SRR36212433|A/Black_Vulture/KY/25G01831-001-original/2025|H5N1|USA-KY|Unknown|2025-09-25|wild_avian|D1.1,Mississippi,Mississippi
1145,456,0.0171354878483643,-79.0599466922965,33.6341674643253,-77.169726521955,34.6743133193956,1.16439519620132,1.14725970835295,2025.71437136147,2025.73150684932,SRR36211970|A/Mottled_Duck/FL/25G01837-001-original/2025|H5N1|USA-FL|Unknown|2025-09-25|wild_avian|D1.1,Atlantic,Atlantic
1174,1175,0.0208615319458394,-100.173973903556,44.9540415924245,-100.073194325578,46.864961114845,1.16619409435815,1.14533256241231,2025.71244421553,2025.73330574747,NA,Central,Central
997,312,0.23909728220497,-77.4703666164914,39.3603995417162,-77.1169193495567,39.4997493266869,1.16713492222867,0.928037640023703,2025.49514929314,2025.73424657534,SRR36203399|A/Black_Vulture/MD/25-026167-001-original/2025|H5N1|USA-MD|Unknown|2025-09-26|wild_avian|D1.1,Atlantic,Atlantic
1335,649,0.0879211144715746,-78.9552731000177,39.339257589859,-78.6915434044002,39.8627585112245,1.16713492222867,1.0792138077571,2025.64632546087,2025.73424657534,SRR36212435|A/Black_Vulture/WV/25G01830-002-original/2025|H5N1|USA-WV|Unknown|2025-09-26|wild_avian|D1.1,Atlantic,Atlantic
1151,462,0.148743746757137,-99.0952034592798,37.3331446262318,-90.3659719518644,45.9798246197875,1.16987464825603,1.02113090149889,2025.58824255461,2025.73698630137,SRR36211600|A/American_blue-winged_Teal/OR/25G01565-017-original/2025|H5N1|USA-OR|Unknown|2025-09-27|wild_avian|D1.1,Central,Pacific
1116,1117,0.09699975744482,-103.881026188301,41.2320015584948,-109.886951237023,32.5923559578187,1.17052933010274,1.07352957265792,2025.64064122577,2025.73764098322,NA,Central,Mississippi
1168,1170,0.148259664918782,-106.271139834747,44.8916028494947,-105.934698390487,44.6946553741233,1.17404279886786,1.02578313394908,2025.59289478706,2025.74115445198,NA,Pacific,Pacific
1041,348,0.197431795975966,-102.23465522075,38.0524402847903,-118.777583263801,37.9001225046666,1.17535410031097,0.977922304335007,2025.54503395745,2025.74246575342,SRR36211769|A/Canada_Goose/WY/25G01869-001-original/2025|H5N1|USA-WY|Unknown|2025-09-29|wild_avian|D1.1,Mississippi,Central
1081,387,0.101231990626689,-108.950385154494,37.7025768059104,-110.97707177107,42.0670961395128,1.17535410031097,1.07412210968428,2025.6412337628,2025.74246575342,SRR36212318|A/canada_goose/MN/25G01920-001/2025|H5N1|USA-MN|Otter_Tail|2025-09-29|wild_avian|D1.1,Mississippi,Mississippi
1104,413,0.0945479953747701,-106.196246491005,47.6912800404996,-106.917682654229,47.510918527701,1.17535410031097,1.0808061049362,2025.64791775805,2025.74246575342,SRR36163011|A/chicken/MT/25-026086-002-original/2025|H5N1|USA-MT|Unknown|2025-09-29|domestic_avian|D1.1,Central,Central
1137,446,0.221789155841507,-97.0662966832333,47.3213317380603,-92.1253447752136,42.8764678814716,1.17809382633833,0.956304670496823,2025.52341632361,2025.74520547945,SRR36212241|A/Canada_Goose/AZ/25G01642-001-original/2025|H5N1|USA-AZ|Unknown|2025-09-30|wild_avian|D1.1,Central,Pacific
1037,343,0.182291975445313,-94.5997957629391,38.4263302009712,-97.7674938146623,40.7075917100571,1.17809382633833,0.995801850893017,2025.56291350401,2025.74520547945,SRR36163013|A/chicken/WI/25-026290-001-original/2025|H5N1|USA-WI|Unknown|2025-09-30|domestic_avian|D1.1,Mississippi,Mississippi
1067,375,0.175898298517752,-100.614197022411,38.0327647584619,-104.163858172335,48.3714328130386,1.17809382633833,1.00219552782058,2025.56930718093,2025.74520547945,SRR36212386|A/wild_duck/TX/25G01488-001-original/2025|H5N1|USA-TX|Unknown|2025-09-30|wild_avian|D1.1,Mississippi,Central
1152,464,0.177378529657837,-101.768147448895,40.0574669904759,-107.177530880662,37.6865018656904,1.18083355236569,1.00345502270785,2025.57056667582,2025.74794520548,SRR36212238|A/Canada_Goose/MT/25G01677-001-original/2025|H5N1|USA-MT|Unknown|2025-10-01|wild_avian|D1.1,Central,Central
841,155,0.106660161033955,-118.842983391361,45.5137803995696,-117.528912588579,44.4179428017742,1.18083355236569,1.07417339133173,2025.64128504445,2025.74794520548,SRR36209119|A/black_vulture/IN/25G01855-003/2025|H5N1|USA-IN|Franklin|2025-10-01|wild_avian|D1.1,Mississippi,Mississippi
981,296,0.289746577134325,-77.0252522437911,35.570322286058,-76.5239603866586,36.6502139481477,1.1863130044204,0.896566427286077,2025.4636780804,2025.75342465753,SRR36162690|A/chicken/NC/25G01772-001-original/2025|H5N1|USA-NC|Unknown|2025-10-03|domestic_avian|D1.1,Atlantic,Atlantic
1046,354,0.212435088097993,-103.973689069648,39.3155737206871,-116.52631604709,37.7764840992447,1.1863130044204,0.973877916322409,2025.54098956944,2025.75342465753,SRR36212006|A/mallard_duck/MI/25G01983-007/2025|H5N1|USA-MI|Washtenaw|2025-10-03|wild_avian|D1.1,Central,Mississippi
1069,376,0.031146000555798,-101.693634457399,36.3329947994537,-101.658904061005,36.2949111769234,1.1863130044204,1.1551670038646,2025.72227865698,2025.75342465753,SRR36162674|A/Domestic_Duck/IL/25G03338-009-original/2025|H5N1|USA-IL|Unknown|2025-10-03|domestic_avian|D1.1,Mississippi,Mississippi
1069,377,0.031146000555798,-101.693634457399,36.3329947994537,-101.032412848354,38.6840585410874,1.1863130044204,1.1551670038646,2025.72227865698,2025.75342465753,SRR36162678|A/chicken/IL/25G03338-005-original/2025|H5N1|USA-IL|Unknown|2025-10-03|domestic_avian|D1.1,Mississippi,Mississippi
1035,342,0.285102057352917,-97.4759300201757,38.9179371381536,-96.7407189352984,35.2786205965453,1.18905273044776,0.903950673094842,2025.47106232621,2025.75616438356,SRR36212242|A/Canada_Goose/AR/25G01638-001-original/2025|H5N1|USA-AR|Unknown|2025-10-04|wild_avian|D1.1,Mississippi,Mississippi
1151,463,0.167921828948866,-99.0952034592798,37.3331446262318,-100.073358757836,40.3945984877537,1.18905273044776,1.02113090149889,2025.58824255461,2025.75616438356,SRR36211975|A/mallard_duck/CO/25G02242-003/2025|H5N1|USA-CO|Jackson|2025-10-04|wild_avian|D1.1,Central,Central
1189,503,0.193755839875444,-112.204222326943,47.8904261506886,-122.051907640528,37.373762978255,1.19179245647534,0.9980366165999,2025.56514826971,2025.75890410959,SRR36162760|A/chicken/OR/25G01792-001-original/2025|H5N1|USA-OR|Unknown|2025-10-05|domestic_avian|D1.1,Central,Pacific
1336,653,0.339764933368605,-88.3284519545283,47.3334704484166,-88.3116799294217,46.6123368745254,1.1945321825027,0.854767249134097,2025.42187890225,2025.76164383562,SRR36212366|A/Black_Vulture/WV/25G02062-001-original/2025|H5N1|USA-WV|Unknown|2025-10-06|wild_avian|D1.1,Atlantic,Atlantic
1063,372,0.216229261627664,-102.549270214233,35.142213191359,-102.908574553745,33.746418674053,1.1945321825027,0.978302920875038,2025.54541457399,2025.76164383562,SRR36212344|A/sandhill_crane/MN/25G02201-001/2025|H5N1|USA-MN|Hennepin|2025-10-06|wild_avian|D1.1,Mississippi,Mississippi
1101,418,0.29208852871958,-119.428826944237,38.5691429390054,-119.275826753351,38.3995155592928,1.19727190853006,0.905183379810479,2025.47229503292,2025.76438356164,SRR36162812|A/Guinea_Fowl/ID/25G01895-002-original/2025|H5N1|USA-ID|Unknown|2025-10-07|domestic_avian|D1.1,Pacific,Pacific
1155,466,0.169784290537471,-103.882484225144,44.7017652991389,-105.050127119291,40.8760234080363,1.19727190853006,1.02748761799259,2025.59459927111,2025.76438356164,SRR36162806|A/Peafowl/ID/25G01896-003-original/2025|H5N1|USA-ID|Unknown|2025-10-07|wild_avian|D1.1,Pacific,Pacific
1081,386,0.123149798845775,-108.950385154494,37.7025768059104,-105.54009736771,37.1572721871619,1.19727190853006,1.07412210968428,2025.6412337628,2025.76438356164,SRR36211964|A/Trumpeter_Swan/WI/25G01871-001-original/2025|H5N1|USA-WI|Unknown|2025-10-07|wild_avian|D1.1,Mississippi,Mississippi
887,193,0.155476473462647,-79.2149732572042,40.0870065815541,-79.9736542001681,36.5576539244035,1.20001163455742,1.04453516109477,2025.61164681421,2025.76712328767,SRR36212136|A/Peregrine_Falcon/DE/25G02350-001-original/2025|H5N1|USA-DE|Unknown|2025-10-08|wild_avian|D1.1,Atlantic,Atlantic
1037,344,0.206949509691757,-94.5997957629391,38.4263302009712,-89.0452514118558,40.6191706061661,1.20275136058477,0.995801850893017,2025.56291350401,2025.7698630137,SRR36211770|A/canada_goose/MI/25G01985-002/2025|H5N1|USA-MI|Isabella|2025-10-09|wild_avian|D1.1,Mississippi,Mississippi
1148,459,0.200663107317118,-101.210173953606,44.8563257342742,-95.2667449174097,43.2626749108526,1.20549108661213,1.00482797929501,2025.57193963241,2025.77260273973,SRR36211962|A/Turkey_Vulture/WY/25G02109-001-original/2025|H5N1|USA-WY|Unknown|2025-10-10|wild_avian|D1.1,Central,Pacific
1125,435,0.184383245484464,-106.598236180956,41.8392285666882,-102.846272241031,36.4806259785686,1.20549108661213,1.02110784112767,2025.58821949424,2025.77260273973,SRR36406423|A/canada_goose/KS/25G02613-001/2025|H5N1|USA-KS|Butler|2025-10-10|wild_avian|D1.1,Central,Central
1214,528,0.310219259337928,-90.4005191325526,38.4234819285464,-93.0000322374443,38.4474846112184,1.20823081263972,0.898011553301788,2025.46512320642,2025.77534246575,SRR36211847|A/american_blue_winged_teal/KS/25G02173-002/2025|H5N1|USA-KS|McPherson|2025-10-11|wild_avian|D1.1,Central,Central
1114,429,0.218235027996828,-102.160945489702,41.4057407025127,-89.8373818854232,34.5423735538165,1.20823081263972,0.989995784642888,2025.55710743776,2025.77534246575,SRR36538389|A/american_blue_winged_teal/NV/25G04892-001/2025|H5N1|USA-NV|Churchill|2025-10-11|wild_avian|D1.1,Central,Pacific
1153,465,0.202881986941895,-101.599943635263,40.0886469465195,-88.0534474241954,37.0377416202754,1.20823081263972,1.00534882569782,2025.57246047881,2025.77534246575,SRR36538296|A/american_green_winged_teal/NV/25G04893-003/2025|H5N1|USA-NV|Lyon|2025-10-11|wild_avian|D1.1,Central,Pacific
1082,389,0.177937038421498,-112.085798376762,45.6166870535749,-111.431975085133,39.8353156619885,1.20823081263972,1.03029377421822,2025.59740542733,2025.77534246575,SRR36212325|A/american_green_winged_teal/NY/25G02284-024/2025|H5N1|USA-NY|Genesee|2025-10-11|wild_avian|D1.1,Mississippi,Atlantic
1082,390,0.177937038421498,-112.085798376762,45.6166870535749,-105.996556685598,45.3827093093665,1.20823081263972,1.03029377421822,2025.59740542733,2025.77534246575,SRR36209116|A/Mallard_Duck/PA/25G02313-006-original-repeat2/2025|H5N1|USA-PA|Unknown|2025-10-11|wild_avian|D1.1,Mississippi,Atlantic
1182,491,0.114399926345897,-92.5323919197653,48.1354502558109,-84.2287220470012,45.6177351684075,1.20823081263972,1.09383088629382,2025.66094253941,2025.77534246575,SRR36203306|A/mallard_duck/NY/25G02284-011/2025|H5N1|USA-NY|Genesee|2025-10-11|wild_avian|D1.1,Mississippi,Atlantic
982,295,0.205009101590982,-81.007912613085,35.0450444968943,-79.958454411859,35.6902101371212,1.21097053866707,1.00596143707609,2025.57307309019,2025.77808219178,SRR36211960|A/Vulture/NC/25G02114-001-original/2025|H5N1|USA-NC|Unknown|2025-10-12|wild_avian|D1.1,Atlantic,Atlantic
1070,394,0.298741797554517,-102.973053670268,34.4159816401325,-106.668807009024,44.2544385288621,1.21371026469443,0.914968467139914,2025.48208012025,2025.78082191781,SRR36212343|A/Swan/OK/25G02155-001-original/2025|H5N1|USA-OK|Unknown|2025-10-13|wild_avian|D1.1,Mississippi,Central
1043,353,0.255218106010103,-102.004101517165,39.0463275921882,-109.991313627478,37.0293725469617,1.21644999072179,0.961231884711685,2025.52834353783,2025.78356164384,SRR36212302|A/canada_goose/CO/25G02439-001/2025|H5N1|USA-CO|Weld|2025-10-14|wild_avian|D1.1,Central,Central
1064,370,0.235594917864845,-103.864410498441,36.1175753162076,-110.959072434523,35.1775441617067,1.2219294427765,0.986334524911659,2025.55344617803,2025.78904109589,SRR36212274|A/Pintail_Duck/ND/25G02720-001-original/2025|H5N1|USA-ND|Unknown|2025-10-16|wild_avian|D1.1,Mississippi,Central
1053,359,0.214106354548788,-99.4454504756036,37.0704100541245,-105.691957251976,39.1812014195465,1.22466916880409,1.0105628142553,2025.57767446737,2025.79178082192,SRR36209083|A/Green-winged_Teal/IA/25G03115-001-original/2025|H5N1|USA-IA|Unknown|2025-10-17|wild_avian|D1.1,Mississippi,Mississippi
1335,650,0.145455361046989,-78.9552731000177,39.339257589859,-78.651671831036,39.6531377932454,1.22466916880409,1.0792138077571,2025.64632546087,2025.79178082192,SRR36211659|A/Black_Vulture/WV/25G03060-003-original/2025|H5N1|USA-WV|Unknown|2025-10-17|wild_avian|D1.1,Atlantic,Atlantic
1123,433,0.134148980635977,-95.0573066920738,46.6602904603313,-94.1997718322854,41.1831474078201,1.22466916880409,1.09052018816811,2025.65763184128,2025.79178082192,SRR36211957|A/Wild_Goose/OK/25G02530-001-original/2025|H5N1|USA-OK|Unknown|2025-10-17|wild_avian|D1.1,Mississippi,Central
1079,388,0.195507452616285,-111.974260465859,45.8831768404267,-112.886448220679,45.6323242429068,1.22740889483145,1.03190144221516,2025.59901309533,2025.79452054795,SRR36406418|A/northern_shoveler/OH/25G03080-047/2025|H5N1|USA-OH|Ottawa|2025-10-18|wild_avian|D1.1,Mississippi,Mississippi
1135,444,0.220140490068013,-96.6315714727262,39.8515256936206,-84.6570867344688,35.5177881603784,1.2301486208588,1.01000813079079,2025.5771197839,2025.79726027397,SRR36162647|A/Turkey/SD/25G02403-003-original/2025|H5N1|USA-SD|Unknown|2025-10-19|domestic_avian|D1.1,Pacific,Central
1171,480,0.123777162765425,-101.478615108904,45.2239119948162,-98.5010658595324,35.7140864773789,1.2301486208588,1.10637145809338,2025.67348311121,2025.79726027397,SRR36212130|A/Ring-necked_Duck/OR/25G02626-019-original/2025|H5N1|USA-OR|Unknown|2025-10-19|wild_avian|D1.1,Central,Pacific
893,207,0.624890148495337,-117.19191098984,46.4208177802592,-117.722383938477,42.30016011618,1.23288834688616,0.607998198390823,2025.1751098515,2025.8,SRR36211724|A/Black_Vulture/MS/25G02635-003-original/2025|H5N1|USA-MS|Unknown|2025-10-20|wild_avian|D1.1,Mississippi,Mississippi
953,271,0.343574002785568,-92.7616581262919,42.8998421129375,-94.8979002171502,40.4443421335565,1.23562807291352,0.89205407012795,2025.45916572324,2025.80273972603,SRR36211667|A/Black_Vulture/AR/25G03056-001-original/2025|H5N1|USA-AR|Unknown|2025-10-21|wild_avian|D1.1,Mississippi,Mississippi
1056,364,0.183819766645327,-94.8141033011452,38.2419925873922,-88.0677734179304,42.2560662228387,1.23562807291352,1.05180830626819,2025.61891995938,2025.80273972603,SRR36211652|A/canada_goose/IN/25G02680-001/2025|H5N1|USA-IN|Johnson|2025-10-21|wild_avian|D1.1,Mississippi,Mississippi
1336,652,0.383600549807006,-88.3284519545283,47.3334704484166,-92.267389304114,48.208811189473,1.2383677989411,0.854767249134097,2025.42187890225,2025.80547945205,SRR36211670|A/Black_Vulture/VA/25G03055-006-original/2025|H5N1|USA-VA|Unknown|2025-10-22|wild_avian|D1.1,Atlantic,Atlantic
1068,378,0.167866863587995,-101.988568922523,37.7411526350337,-97.6861224025689,38.3657900702483,1.2383677989411,1.07050093535311,2025.63761258847,2025.80547945205,SRR36212529|A/Canada_Goose/MO/25G02853-004-original/2025|H5N1|USA-MO|Unknown|2025-10-22|wild_avian|D1.1,Mississippi,Mississippi
1129,440,0.158041504723785,-99.7247040571695,46.3568859041677,-99.3506751968579,47.1769177992611,1.2383677989411,1.08032629421732,2025.64743794733,2025.80547945205,SRR36203374|A/Canada_Goose/UT/25G03448-005-original/2025|H5N1|USA-UT|Unknown|2025-10-22|wild_avian|D1.1,Pacific,Pacific
1172,483,0.154100314360639,-109.703546288328,45.7927562085737,-88.0647081441907,35.5312859128346,1.2383677989411,1.08426748458046,2025.65137913769,2025.80547945205,SRR36209114|A/Red-tailed_Hawk/MO/25G02853-005-original/2025|H5N1|USA-MO|Unknown|2025-10-22|wild_avian|D1.1,Pacific,Mississippi
1222,536,0.38444460977856,-98.4451882286395,37.071985388648,-98.5836861154449,38.5708559809059,1.24110752496846,0.8566629151899,2025.4237745683,2025.80821917808,SRR36162703|A/chicken/GA/25G02650-001-original/2025|H5N1|USA-GA|Unknown|2025-10-23|domestic_avian|D1.1,Atlantic,Atlantic
1135,443,0.23109939417767,-96.6315714727262,39.8515256936206,-94.0776411784305,38.7349220950126,1.24110752496846,1.01000813079079,2025.5771197839,2025.80821917808,SRR36212527|A/Canada_Goose/WY/25G02891-001-original/2025|H5N1|USA-WY|Unknown|2025-10-23|wild_avian|D1.1,Pacific,Pacific
1083,391,0.228576387793169,-115.30603362396,47.9093284817381,-116.752762046276,47.8738147739088,1.24110752496846,1.01253113717529,2025.57964279029,2025.80821917808,SRR36406301|A/american_wigeon/OH/25G04131-008/2025|H5N1|USA-OH|Ottawa|2025-10-23|wild_avian|D1.1,Mississippi,Mississippi
840,154,0.2444879680076,-119.238680709506,46.321064262934,-119.279092604797,47.5839151345987,1.25206642907789,1.00757846107029,2025.57469011418,2025.81917808219,SRR36538272|A/black_vulture/KY/25G04374-002/2025|H5N1|USA-KY|Grant|2025-10-27|wild_avian|D1.1,Mississippi,Mississippi
1134,445,0.243566983115653,-98.1566920610863,40.2542792875383,-71.8864677541897,43.9662509084037,1.25206642907789,1.00849944596224,2025.57561109908,2025.81917808219,SRR36203333|A/Canada_Goose/AL/25G03828-001-original/2025|H5N1|USA-AL|Unknown|2025-10-27|wild_avian|D1.1,Pacific,Mississippi
839,152,0.187856801470256,-117.815255140419,40.6524217631701,-116.715717983422,41.2573136634308,1.25206642907789,1.06420962760763,2025.63132128072,2025.81917808219,SRR36538273|A/black_vulture/KY/25G04374-001/2025|H5N1|USA-KY|Grant|2025-10-27|wild_avian|D1.1,Mississippi,Mississippi
1122,431,0.183997662176757,-95.8842443240519,45.4936636084235,-99.1076856705403,37.792218967319,1.25206642907789,1.06806876690113,2025.63518042001,2025.81917808219,SRR36212524|A/Domestic_Goose/AL/25G03044-002-original/2025|H5N1|USA-AL|Unknown|2025-10-27|domestic_avian|D1.1,Mississippi,Mississippi
984,297,0.365735816525883,-80.3146645663134,34.5732281408277,-80.1229208876013,34.4702248379195,1.25480615510547,0.889070338579592,2025.45618199169,2025.82191780822,SRR36209096|A/Black_Vulture/SC/25G03063-001-original/2025|H5N1|USA-SC|Unknown|2025-10-28|wild_avian|D1.1,Atlantic,Atlantic
1118,428,0.151426010987752,-97.6009680199861,39.8308753254778,-120.777176184959,46.36658714786,1.25754588113283,1.10611987014508,2025.67323152326,2025.82465753425,SRR36406410|A/american_wigeon/CA/25G03928-001/2025|H5N1|USA-CA|Yolo|2025-10-29|wild_avian|D1.1,Central,Pacific
1039,345,0.321017260421796,-97.6706824720683,38.4253352391662,-108.337535565738,33.9440350813613,1.26028560716019,0.939268346738394,2025.50637999985,2025.82739726027,SRR36209076|A/Black_Swan/PA/25G03182-002-original/2025|H5N1|USA-PA|Unknown|2025-10-30|wild_avian|D1.1,Mississippi,Atlantic
1154,468,0.252717586115594,-102.892166513136,45.1685549409966,-115.173251695809,42.4321602762815,1.26028560716019,1.00756802104459,2025.57467967416,2025.82739726027,SRR36406351|A/cackling_goose/WA/25G03973-001/2025|H5N1|USA-WA|Whatcom|2025-10-30|wild_avian|D1.1,Pacific,Pacific
1187,497,0.231674849739049,-109.87451261561,37.2104365879017,-121.565157204046,46.2008907961038,1.26028560716019,1.02861075742114,2025.59572241054,2025.82739726027,SRR36209051|A/Muscovy_Duck/FL/25G03354-001-original/2025|H5N1|USA-FL|Unknown|2025-10-30|wild_avian|D1.1,Mississippi,Atlantic
1056,363,0.211217026919356,-94.8141033011452,38.2419925873922,-94.3878266329814,36.3924900503668,1.26302533318755,1.05180830626819,2025.61891995938,2025.8301369863,SRR36406409|A/wood_duck/MN/25G04157-001/2025|H5N1|USA-MN|Anoka|2025-10-31|wild_avian|D1.1,Mississippi,Mississippi
1083,392,0.253233922039613,-115.30603362396,47.9093284817381,-116.161186454614,48.9407772355819,1.2657650592149,1.01253113717529,2025.57964279029,2025.83287671233,SRR36406415|A/american_green_winged_teal/OH/25G04131-027/2025|H5N1|USA-OH|Ottawa|2025-11-01|wild_avian|D1.1,Mississippi,Mississippi
1165,475,0.186482300688009,-105.818439532902,38.1277935887075,-108.138068788343,47.6041860988849,1.2657650592149,1.0792827585269,2025.64639441164,2025.83287671233,SRR36406349|A/red_tailed_hawk/WA/25G03976-001/2025|H5N1|USA-WA|Whatcom|2025-11-01|wild_avian|D1.1,Pacific,Pacific
1040,346,0.230635852669942,-102.394767955433,38.3058898589487,-108.679877593057,32.604405770718,1.27124451126985,1.0406086585999,2025.60772031171,2025.83835616438,SRR36162625|A/Red-breasted_Goose/TN/25G03365-002-original/2025|H5N1|USA-TN|Unknown|2025-11-03|wild_avian|D1.1,Mississippi,Mississippi
1125,434,0.252876396169536,-106.598236180956,41.8392285666882,-110.177540403669,40.9090673370113,1.2739842372972,1.02110784112767,2025.58821949424,2025.84109589041,SRR36203396|A/wild_goose/NM/25G03506-001-original/2025|H5N1|USA-NM|Unknown|2025-11-04|wild_avian|D1.1,Central,Central
1176,489,0.172281128445661,-110.352986497333,45.3525452892914,-110.380024172757,37.5899915816874,1.2739842372972,1.10170310885154,2025.66881476197,2025.84109589041,SRR36203296|A/Swan/UT/25G03453-001-original/2025|H5N1|USA-UT|Unknown|2025-11-04|wild_avian|D1.1,Pacific,Pacific
1141,451,0.172256386987417,-104.329839985207,46.4472254015853,-107.917855238534,45.9316939574181,1.2739842372972,1.10172785030979,2025.66883950342,2025.84109589041,SRR36202277|A/Domestic_Cat/ND/25G03436-001-original/2025|H5N1|USA-ND|Unknown|2025-11-04|feline|D1.1,Central,Central
1191,505,0.275022616962798,-75.9912619208069,42.6964486218792,-75.5135735854822,42.8958816189717,1.27946368935192,1.00444107238912,2025.5715527255,2025.84657534247,SRR36202234|A/chicken/DE/25G03562-002-original/2025|H5N1|USA-DE|Unknown|2025-11-06|domestic_avian|D1.1,Atlantic,Atlantic
890,201,0.26893160727039,-74.8869986904233,39.9845908488067,-74.8311986769553,39.9936247102996,1.27946368935192,1.01053208208153,2025.5776437352,2025.84657534247,SRR36202283|A/chicken/NH/25G03769-001-original/2025|H5N1|USA-NH|Unknown|2025-11-06|domestic_avian|D1.1,Atlantic,Atlantic
1111,421,0.372885176727359,-91.3761826401061,29.9740510010242,-89.8587196842245,31.4634600323996,1.28494314140686,0.912057964679502,2025.47916961779,2025.85205479452,SRR36203391|A/wood_duck/IN/25G03805-006/2025|H5N1|USA-IN|Newton|2025-11-08|wild_avian|D1.1,Mississippi,Mississippi
1137,447,0.328638470910037,-97.0662966832333,47.3213317380603,-86.4953663347454,45.9260335106397,1.28494314140686,0.956304670496823,2025.52341632361,2025.85205479452,SRR36538295|A/american_green_winged_teal/OK/25G04973-021/2025|H5N1|USA-OK|Sequoyah|2025-11-08|wild_avian|D1.1,Central,Central
1066,374,0.282808414515669,-100.333984991356,39.4063929895861,-100.14026759018,47.2243434915728,1.28494314140686,1.00213472689119,2025.56924638001,2025.85205479452,SRR36538290|A/bald_eagle/IN/25G04807-001/2025|H5N1|USA-IN|Hamilton|2025-11-08|wild_avian|D1.1,Mississippi,Mississippi
1118,427,0.178823271261781,-97.6009680199861,39.8308753254778,-95.542542348732,38.4978900449247,1.28494314140686,1.10611987014508,2025.67323152326,2025.85205479452,SRR36406324|A/gadwall/KS/25G04225-001/2025|H5N1|USA-KS|Neosho|2025-11-08|wild_avian|D1.1,Central,Central
1117,425,0.114413811304116,-109.886951237023,32.5923559578187,-110.641192330173,34.2655761002103,1.28494314140686,1.17052933010274,2025.73764098322,2025.85205479452,SRR36538311|A/gadwall/KS/25G04225-031/2025|H5N1|USA-KS|Neosho|2025-11-08|wild_avian|D1.1,Mississippi,Central
1159,1161,0.282167171427637,-100.535750745035,48.9876365776034,-101.656480574265,42.3338077548541,1.28526405547268,1.00309688404505,2025.57020853716,2025.85237570859,NA,Pacific,Pacific
1000,317,0.274688237170771,-74.1186023556209,41.8529620143823,-77.9218310763087,42.6534926472667,1.29042259346157,1.0157343562908,2025.5828460094,2025.85753424658,SRR36203383|A/Black_Vulture/CT/25G03770-001-original/2025|H5N1|USA-CT|Unknown|2025-11-10|wild_avian|D1.1,Atlantic,Atlantic
1054,365,0.259090992268343,-96.1278118155143,39.0759905026839,-95.8310140494835,36.9301861299445,1.29042259346158,1.03133160119323,2025.59844325431,2025.85753424658,SRR36406411|A/great_horned_owl/MN/25G04156-001/2025|H5N1|USA-MN|Kandiyohi|2025-11-10|wild_avian|D1.1,Mississippi,Mississippi
1172,482,0.206155108881112,-109.703546288328,45.7927562085737,-98.5217140473283,33.7098982834404,1.29042259346158,1.08426748458046,2025.65137913769,2025.85753424658,SRR36538310|A/gadwall/SD/25G04284-006/2025|H5N1|USA-SD|Day|2025-11-10|wild_avian|D1.1,Pacific,Central
1182,492,0.196591707167756,-92.5323919197653,48.1354502558109,-93.8825592010752,45.0960885960262,1.29042259346158,1.09383088629382,2025.66094253941,2025.85753424658,SRR36538325|A/canada_goose/WV/25G04377-001/2025|H5N1|USA-WV|Mason|2025-11-10|wild_avian|D1.1,Mississippi,Atlantic
1161,473,0.00515853798889276,-101.656480574265,42.3338077548541,-101.79319904547,45.3498068546015,1.29042259346158,1.28526405547268,2025.85237570859,2025.85753424658,SRR36406343|A/trumpeter_swan/ID/25G03984-001/2025|H5N1|USA-ID|Bannock|2025-11-10|wild_avian|D1.1,Pacific,Pacific
1102,417,0.388082462560962,-114.507915604668,38.1887925773177,-81.4015745275483,36.8246031182707,1.29590204551629,0.907819582955328,2025.47493123607,2025.86301369863,SRR36538417|A/ross_s_goose/LA/25G04375-002/2025|H5N1|USA-LA|Vernon|2025-11-12|wild_avian|D1.1,Pacific,Mississippi
998,311,0.286190947312604,-79.3556245862064,37.1510619981583,-76.6969867141643,36.8163279021906,1.29590204551629,1.00971109820369,2025.57682275132,2025.86301369863,SRR36406338|A/black_vulture/PA/25G03999-001/2025|H5N1|USA-PA|Adams|2025-11-12|wild_avian|D1.1,Atlantic,Atlantic
1184,496,0.192307664164658,-111.992632234272,47.178677106024,-116.111071678571,45.0875234892298,1.29590204551629,1.10359438135163,2025.67070603447,2025.86301369863,SRR36406276|A/snow_goose/CO/25G04393-001/2025|H5N1|USA-CO|Sedgwick|2025-11-12|wild_avian|D1.1,Central,Central
1175,486,0.129707951158144,-100.073194325578,46.864961114845,-103.496940125338,37.5472556238673,1.29590204551629,1.16619409435815,2025.73330574747,2025.86301369863,SRR36538334|A/wild_goose/TX/25G04762-002/2025|H5N1|USA-TX|Randall|2025-11-12|wild_avian|D1.1,Central,Central
1161,472,0.0106379900436075,-101.656480574265,42.3338077548541,-102.617691792259,41.9512686375952,1.29590204551629,1.28526405547268,2025.85237570859,2025.86301369863,SRR36406329|A/trumpeter_swan/ID/25G04021-001/2025|H5N1|USA-ID|Ada|2025-11-12|wild_avian|D1.1,Pacific,Pacific
1190,510,0.420713779523893,-102.689129819746,41.9104643099249,-88.1708519921486,30.2471859538561,1.29864177154365,0.877927992019754,2025.44503964513,2025.86575342466,SRR36406291|A/red_tailed_hawk/OR/25G04260-001/2025|H5N1|USA-OR|Klamath|2025-11-13|wild_avian|D1.1,Central,Pacific
1148,460,0.293813792248634,-101.210173953606,44.8563257342742,-100.878054058868,45.0608262445917,1.29864177154365,1.00482797929501,2025.57193963241,2025.86575342466,SRR36406289|A/canada_goose/NE/25G04294-001/2025|H5N1|USA-NE|Box_Butte|2025-11-13|wild_avian|D1.1,Central,Central
1223,534,0.245083351339005,-98.5078945685276,38.181996626981,-99.5849647889186,38.1115477940729,1.29864177154365,1.05355842020464,2025.62067007332,2025.86575342466,SRR36538281|A/black_vulture/GA/25G04368-001/2025|H5N1|USA-GA|Houston|2025-11-13|wild_avian|D1.1,Atlantic,Atlantic
1176,488,0.196938662692105,-110.352986497333,45.3525452892914,-110.394483703612,34.5691158872102,1.29864177154365,1.10170310885154,2025.66881476197,2025.86575342466,SRR36406292|A/red_tailed_hawk/OR/25G04259-001/2025|H5N1|USA-OR|Klamath|2025-11-13|wild_avian|D1.1,Pacific,Pacific
1139,452,0.256108018727515,-111.830639508961,48.0879018518612,-107.888765357567,47.4161874658276,1.30138149757123,1.04527347884372,2025.61238513196,2025.86849315069,SRR36406424|A/trumpeter_swan/MN/25G04483-001/2025|H5N1|USA-MN|Rice|2025-11-14|wild_avian|D1.1,Mississippi,Mississippi
1115,424,0.291110125209352,-103.362138758945,41.9228541631265,-110.927686962891,43.3017610677341,1.30412122359859,1.01301109838924,2025.5801227515,2025.87123287671,SRR36406281|A/trumpeter_swan/WY/25G04344-003/2025|H5N1|USA-WY|Lincoln|2025-11-15|wild_avian|D1.1,Central,Pacific
1155,467,0.276633605606001,-103.882484225144,44.7017652991389,-103.915977502777,44.6232827528225,1.30412122359859,1.02748761799259,2025.59459927111,2025.87123287671,SRR36406282|A/trumpeter_swan/WY/25G04344-002/2025|H5N1|USA-WY|Lincoln|2025-11-15|wild_avian|D1.1,Pacific,Pacific
1112,422,0.385457113693862,-91.3264772856985,32.0242847718991,-95.3458134119656,33.470512774195,1.30686094962595,0.921403835932085,2025.48851548905,2025.87397260274,SRR36538390|A/american_black_duck/OH/25G04930-025/2025|H5N1|USA-OH|Ottawa|2025-11-16|wild_avian|D1.1,Mississippi,Mississippi
1126,437,0.283155693955239,-105.054653109961,40.9823588057763,-92.3479857235485,44.3242724368092,1.30686094962595,1.02370525567071,2025.59081690878,2025.87397260274,SRR36406371|A/canvasback_duck/IL/25G04631-002/2025|H5N1|USA-IL|Jefferson|2025-11-16|wild_avian|D1.1,Central,Mississippi
1140,449,0.235410702208855,-104.69239653688,47.1557410933404,-97.6821288073556,41.7982809345429,1.3096006756533,1.07418997344445,2025.64130162656,2025.87671232877,SRR36406429|A/mallard_duck/IL/25G04430-008/2025|H5N1|USA-IL|Clinton|2025-11-17|wild_avian|D1.1,Central,Mississippi
1145,457,0.162340967300352,-79.0599466922965,33.6341674643253,-80.4100735398947,35.9796612360582,1.3096006756533,1.14725970835295,2025.71437136147,2025.87671232877,SRR36406277|A/Fish_crow/FL/25G04379-001/2025|H5N1|USA-FL|Lee|2025-11-17|wild_avian|D1.1,Atlantic,Atlantic
1040,347,0.271731743080758,-102.394767955433,38.3058898589487,-94.3703714913923,35.5942313618219,1.31234040168066,1.0406086585999,2025.60772031171,2025.87945205479,SRR36538338|A/wild_goose/TX/25G04760-001/2025|H5N1|USA-TX|Potter|2025-11-18|wild_avian|D1.1,Mississippi,Central
1042,349,0.217835161273746,-113.257279282363,46.2295988435585,-109.452086743692,47.8319004947609,1.31234040168066,1.09450524040692,2025.66161689352,2025.87945205479,SRR36538318|A/canada_goose/CO/25G04853-001/2025|H5N1|USA-CO|Larimer|2025-11-18|wild_avian|D1.1,Central,Central
1170,478,0.138297602812804,-105.934698390487,44.6946553741233,-106.021848591526,47.4850513760127,1.31234040168066,1.17404279886786,2025.74115445198,2025.87945205479,SRR36538351|A/trumpeter_swan/WA/25G04846-002/2025|H5N1|USA-WA|Snohomish|2025-11-18|wild_avian|D1.1,Pacific,Pacific
704,22,1.01260562609559,-94.9987645704392,30.858418365934,-86.1839524800518,30.6247854197523,1.3178198537356,0.305214227640009,2024.87232588075,2025.88493150685,SRR36582238|A/Black_vulture/SC/25G05160-001/2025|H5N1|USA-SC|Charleston|2025-11-20|wild_avian|D1.1,Mississippi,Atlantic
1113,430,0.429055034977334,-101.253035626659,39.9990865993379,-120.211735504984,37.1748474066193,1.3178198537356,0.888764818758269,2025.45587647187,2025.88493150685,SRR36538343|A/western_gull/CA/25G04840-001/2025|H5N1|USA-CA|Contra_Costa|2025-11-20|wild_avian|D1.1,Central,Pacific
953,272,0.425765783607654,-92.7616581262919,42.8998421129375,-96.0515343301003,45.1179662264903,1.3178198537356,0.89205407012795,2025.45916572324,2025.88493150685,SRR36538271|A/black_vulture/AR/25G04946-001/2025|H5N1|USA-AR|Washington|2025-11-20|wild_avian|D1.1,Mississippi,Mississippi
1105,415,0.305884260329303,-124.178151139594,47.7078310393674,-95.6856797253283,39.4392239670968,1.3178198537356,1.0119355934063,2025.57904724652,2025.88493150685,SRR36538357|A/snow_goose/OK/25G05185-001/2025|H5N1|USA-OK|Cleveland|2025-11-20|wild_avian|D1.1,Pacific,Central
1175,485,0.151625759377458,-100.073194325578,46.864961114845,-102.225652034595,45.6952989677248,1.3178198537356,1.16619409435815,2025.73330574747,2025.88493150685,SRR36538363|A/ross_s_goose/SD/25G04635-003/2025|H5N1|USA-SD|McPherson|2025-11-20|wild_avian|D1.1,Central,Central
1188,499,0.301044321096613,-110.331221335863,48.5184364786393,-98.4384606933361,44.1348284114425,1.32055957976296,1.01951525866635,2025.58662691178,2025.88767123288,SRR36582215|A/ring_necked_duck/WI/25G05226-008/2025|H5N1|USA-WI|Burnet|2025-11-21|wild_avian|D1.1,Central,Mississippi
1099,420,0.476610748879676,-117.515214005657,38.364713903205,-78.1919914038024,36.2708815875047,1.32329930579032,0.846688556910643,2025.41380021002,2025.8904109589,SRR36582245|A/american_green_winged_teal/VA/25G05021-005/2025|H5N1|USA-VA|Surry|2025-11-22|wild_avian|D1.1,Pacific,Atlantic
1138,448,0.278677604476367,-112.319362997375,48.2840268143885,-110.904092775255,35.353815082399,1.32329930579032,1.04462170131395,2025.61173335443,2025.8904109589,SRR36582243|A/american_green_winged_teal/GA/25G05285-010/2025|H5N1|USA-GA|McIntosh|2025-11-22|wild_avian|D1.1,Mississippi,Atlantic
1183,494,0.219389874365944,-91.7684308977258,44.5653259905896,-95.0430712071833,30.9795008233903,1.32329930579032,1.10390943142437,2025.67102108454,2025.8904109589,SRR36538366|A/ring_necked_duck/FL/25G04963-061/2025|H5N1|USA-FL|Lake|2025-11-22|wild_avian|D1.1,Mississippi,Atlantic
1048,358,0.334115873727773,-97.9621464142774,37.9548575217566,-92.2081316031565,37.4118557535013,1.32877875784503,0.99466288411726,2025.56177453723,2025.89589041096,SRR36538286|A/bald_eagle/MI/25G04925-005/2025|H5N1|USA-MI|Newaygo|2025-11-24|wild_avian|D1.1,Mississippi,Mississippi
1189,502,0.330742141245133,-112.204222326943,47.8904261506886,-98.7788011606966,47.9424564784142,1.32877875784503,0.9980366165999,2025.56514826971,2025.89589041096,SRR36538359|A/snow_goose/MO/25G04856-004/2025|H5N1|USA-MO|Clay|2025-11-24|wild_avian|D1.1,Central,Mississippi
1074,393,0.322307773329873,-115.0547783566,46.2794348933508,-115.309701937139,46.3632738705683,1.32877875784503,1.00647098451516,2025.57358263763,2025.89589041096,SRR36538288|A/bald_eagle/MI/25G04925-001/2025|H5N1|USA-MI|Saginaw|2025-11-24|wild_avian|D1.1,Mississippi,Mississippi
1117,426,0.158249427742289,-109.886951237023,32.5923559578187,-108.760636216214,35.7405666766402,1.32877875784503,1.17052933010274,2025.73764098322,2025.89589041096,SRR36538302|A/mallard_duck/MO/25G04856-003/2025|H5N1|USA-MO|St_Louis|2025-11-24|wild_avian|D1.1,Mississippi,Mississippi
1185,501,0.33002791654901,-110.322812444816,48.5836618956996,-75.395980675528,39.5847886655177,1.33151848387262,1.00149056732361,2025.56860222044,2025.89863013699,SRR36538193|A/Domestic_chicken/ME/25G05080-001/2025|H5N1|USA-ME|Penobscot|2025-11-25|domestic_avian|D1.1,Central,Atlantic
890,202,0.32098640179109,-74.8869986904233,39.9845908488067,-75.3882615873404,42.857873471235,1.33151848387262,1.01053208208153,2025.5776437352,2025.89863013699,SRR36538185|A/Domestic_goose/ME/25G04880-003/2025|H5N1|USA-ME|Penobscot|2025-11-25|domestic_avian|D1.1,Atlantic,Atlantic
886,195,0.31971367481424,-75.8411707349832,39.072960363912,-78.1766185468919,40.7982042859762,1.33151848387262,1.01180480905838,2025.57891646217,2025.89863013699,SRR36538317|A/canada_goose/NY/25G04881-001/2025|H5N1|USA-NY|Chemung|2025-11-25|wild_avian|D1.1,Atlantic,Atlantic
1126,436,0.30781322820191,-105.054653109961,40.9823588057763,-83.4731748409315,35.431270875797,1.33151848387262,1.02370525567071,2025.59081690878,2025.89863013699,SRR36582221|A/Mute_swan/SC/25G05056-001/2025|H5N1|USA-SC|Sumter|2025-11-25|wild_avian|D1.1,Central,Atlantic
1174,487,0.186185921460312,-100.173973903556,44.9540415924245,-101.914854180281,39.1693941683961,1.33151848387262,1.14533256241231,2025.71244421553,2025.89863013699,SRR36582231|A/canada_goose/MT/25G05375-001/2025|H5N1|USA-MT|Roosevelt|2025-11-25|wild_avian|D1.1,Central,Central
1141,450,0.235270085617546,-104.329839985207,46.4472254015853,-83.3333458361438,44.4940982651547,1.33699793592733,1.10172785030979,2025.66883950342,2025.90410958904,SRR36538195|A/Domestic_turkey/NC/25G05083-001/2025|H5N1|USA-NC|Wayne|2025-11-27|domestic_avian|D1.1,Central,Atlantic
1192,509,0.328820973251996,-76.4306653198712,41.9189251377294,-74.5485921160566,42.9805853298385,1.33973766195469,1.01091668870269,2025.57802834182,2025.90684931507,SRR36582240|A/Bald_eagle/NJ/25G05298-001/2025|H5N1|USA-NJ|Burlington|2025-11-28|wild_avian|D1.1,Atlantic,Atlantic
1129,439,0.264890819792087,-99.7247040571695,46.3568859041677,-96.9013160162116,31.111326600772,1.3452171140094,1.08032629421732,2025.64743794733,2025.91232876712,SRR36582209|A/snow_goose/NE/25G05292-001/2025|H5N1|USA-NE|York|2025-11-30|wild_avian|D1.1,Pacific,Central
1071,380,0.409775522384244,-109.021682884596,35.7366802259762,-109.185048463044,35.0145086601388,1.34795684003699,0.938181317652745,2025.50529297077,2025.91506849315,SRR36582207|A/snow_goose/NE/25G05294-001/2025|H5N1|USA-NE|Sarpy|2025-12-01|wild_avian|D1.1,Mississippi,Central
1187,498,0.31934608261585,-109.87451261561,37.2104365879017,-120.36425909787,36.6211531113657,1.34795684003699,1.02861075742114,2025.59572241054,2025.91506849315,SRR36582197|A/wild_goose/TX/25G05380-001/2025|H5N1|USA-TX|Lubbock|2025-12-01|wild_avian|D1.1,Mississippi,Central
1183,493,0.244047408612615,-91.7684308977258,44.5653259905896,-101.652570206284,43.3367265012995,1.34795684003699,1.10390943142437,2025.67102108454,2025.91506849315,SRR36582206|A/snow_goose/NE/25G05295-001/2025|H5N1|USA-NE|Adams|2025-12-01|wild_avian|D1.1,Mississippi,Central
1171,481,0.241585381943612,-101.478615108904,45.2239119948162,-98.9827779428283,45.9374513029679,1.34795684003699,1.10637145809338,2025.67348311121,2025.91506849315,SRR36582205|A/snow_goose/MT/25G05372-001/2025|H5N1|USA-MT|Gallatin|2025-12-01|wild_avian|D1.1,Central,Pacific
1156,469,0.442658230351353,-107.395321887384,47.892001184157,-90.6347543508649,36.4993320702403,1.35069656606435,0.908038335712994,2025.47514998883,2025.91780821918,SRR36582198|A/Wild_duck/TX/25G05240-001/2025|H5N1|USA-TX|Galveston|2025-12-02|wild_avian|D1.1,Central,Central
1179,490,0.342880005951977,-111.33595370852,48.3695574012634,-95.1828282751574,48.8101835123705,1.35069656606435,1.00781656011237,2025.57492821323,2025.91780821918,SRR36538194|A/peafowl/WI/25G05091-001/2025|H5N1|USA-WI|Marquette|2025-12-02|wild_avian|D1.1,Central,Mississippi
1184,495,0.247102184712716,-111.992632234272,47.178677106024,-102.183879083092,47.0252522088909,1.35069656606435,1.10359438135163,2025.67070603447,2025.91780821918,SRR36582213|A/snow_goose/KS/25G05234-001/2025|H5N1|USA-KS|Riley|2025-12-02|wild_avian|D1.1,Central,Central
1146,458,0.411206973475567,-99.9005175134405,45.6311101586853,-107.742185310436,39.8094129899501,1.3534362920917,0.942229318616137,2025.50934097173,2025.92054794521,SRR36538358|A/snow_goose/IA/25G05071-001/2025|H5N1|USA-IA|Story|2025-12-03|wild_avian|D1.1,Central,Mississippi
1169,477,0.331649983474318,-106.345374450523,44.8727003628948,-105.664996257785,48.4807032015863,1.35891574414642,1.0272657606721,2025.59437741379,2025.92602739726,SRR36582220|A/Raccoon/WA/25G05425-001/2025|H5N1|USA-WA|San_Juan|2025-12-05|other_mammal|D1.1,Pacific,Pacific
